"System.ObjectModel, Version=4.1.1.0, Culture=neutral, PublicKeyToken=b03f5f7f11d50a3a","","1504834583","LAQ0AAAAVgBTAF8AVgBFAFIAUwBJAE8ATgBfAEkATgBGAE8AAAAAAL0E7/4AAAEABgAEAAEAbGQAAAAAAAAAAD8AAAAAAAAABAAAAAIAAAAAAAAAAAAAAAAAAABEAAAAAQBWAGEAcgBGAGkAbABlAEkAbgBmAG8AAAAAACQABAAAAFQAcgBhAG4AcwBsAGEAdABpAG8AbgAAAAAAAACwBIwDAAABAFMAdAByAGkAbgBnAEYAaQBsAGUASQBuAGYAbwAAAGgDAAABADAAMAAwADAAMAA0AGIAMAAAAD4AEwABAEMAbwBtAG0AZQBuAHQAcwAAAFMAeQBzAHQAZQBtAC4ATwBiAGoAZQBjAHQATQBvAGQAZQBsAAAAAABMABYAAQBDAG8AbQBwAGEAbgB5AE4AYQBtAGUAAAAAAE0AaQBjAHIAbwBzAG8AZgB0ACAAQwBvAHIAcABvAHIAYQB0AGkAbwBuAAAATgATAAEARgBpAGwAZQBEAGUAcwBjAHIAaQBwAHQAaQBvAG4AAAAAAFMAeQBzAHQAZQBtAC4ATwBiAGoAZQBjAHQATQBvAGQAZQBsAAAAAAA6AA0AAQBGAGkAbABlAFYAZQByAHMAaQBvAG4AAAAAADQALgA2AC4AMgA1ADcAMAA4AC4AMAAxAAAAAABOABcAAQBJAG4AdABlAHIAbgBhAGwATgBhAG0AZQAAAFMAeQBzAHQAZQBtAC4ATwBiAGoAZQBjAHQATQBvAGQAZQBsAC4AZABsAGwAAAAAAIIALwABAEwAZQBnAGEAbABDAG8AcAB5AHIAaQBnAGgAdAAAAKkAIABNAGkAYwByAG8AcwBvAGYAdAAgAEMAbwByAHAAbwByAGEAdABpAG8AbgAuACAAIABBAGwAbAAgAHIAaQBnAGgAdABzACAAcgBlAHMAZQByAHYAZQBkAC4AAAAAAFYAFwABAE8AcgBpAGcAaQBuAGEAbABGAGkAbABlAG4AYQBtAGUAAABTAHkAcwB0AGUAbQAuAE8AYgBqAGUAYwB0AE0AbwBkAGUAbAAuAGQAbABsAAAAAABUABoAAQBQAHIAbwBkAHUAYwB0AE4AYQBtAGUAAAAAAE0AaQBjAHIAbwBzAG8AZgB0AK4AIAAuAE4ARQBUACAARgByAGEAbQBlAHcAbwByAGsAAAB+AC0AAQBQAHIAbwBkAHUAYwB0AFYAZQByAHMAaQBvAG4AAAA0AC4ANgAuADIANQA3ADAAOAAuADAAMQAgAGIAdQBpAGwAdAAgAGIAeQA6ACAAZABsAGEAYgAtAEQARABWAFMATwBXAEkATgBBAEcARQAwADIAMwAuACAAAAAAADgACAABAEEAcwBzAGUAbQBiAGwAeQAgAFYAZQByAHMAaQBvAG4AAAA0AC4AMQAuADEALgAwAAAA","PDBPresent","","v4.0.30319"
"System.Private.StackTraceMetadata, Version=4.0.0.0, Culture=neutral, PublicKeyToken=b03f5f7f11d50a3a","","1504894040","sAQ0AAAAVgBTAF8AVgBFAFIAUwBJAE8ATgBfAEkATgBGAE8AAAAAAL0E7/4AAAEABgAEAAAAbWQAAAAAAAAAAD8AAAAAAAAABAAAAAIAAAAAAAAAAAAAAAAAAABEAAAAAQBWAGEAcgBGAGkAbABlAEkAbgBmAG8AAAAAACQABAAAAFQAcgBhAG4AcwBsAGEAdABpAG8AbgAAAAAAAACwBBAEAAABAFMAdAByAGkAbgBnAEYAaQBsAGUASQBuAGYAbwAAAOwDAAABADAAMAAwADAAMAA0AGIAMAAAAFwAIgABAEMAbwBtAG0AZQBuAHQAcwAAAFMAeQBzAHQAZQBtAC4AUAByAGkAdgBhAHQAZQAuAFMAdABhAGMAawBUAHIAYQBjAGUATQBlAHQAYQBkAGEAdABhAAAATAAWAAEAQwBvAG0AcABhAG4AeQBOAGEAbQBlAAAAAABNAGkAYwByAG8AcwBvAGYAdAAgAEMAbwByAHAAbwByAGEAdABpAG8AbgAAAGwAIgABAEYAaQBsAGUARABlAHMAYwByAGkAcAB0AGkAbwBuAAAAAABTAHkAcwB0AGUAbQAuAFAAcgBpAHYAYQB0AGUALgBTAHQAYQBjAGsAVAByAGEAYwBlAE0AZQB0AGEAZABhAHQAYQAAADoADQABAEYAaQBsAGUAVgBlAHIAcwBpAG8AbgAAAAAANAAuADYALgAyADUANwAwADkALgAwADAAAAAAAGwAJgABAEkAbgB0AGUAcgBuAGEAbABOAGEAbQBlAAAAUwB5AHMAdABlAG0ALgBQAHIAaQB2AGEAdABlAC4AUwB0AGEAYwBrAFQAcgBhAGMAZQBNAGUAdABhAGQAYQB0AGEALgBkAGwAbAAAAIIALwABAEwAZQBnAGEAbABDAG8AcAB5AHIAaQBnAGgAdAAAAKkAIABNAGkAYwByAG8AcwBvAGYAdAAgAEMAbwByAHAAbwByAGEAdABpAG8AbgAuACAAIABBAGwAbAAgAHIAaQBnAGgAdABzACAAcgBlAHMAZQByAHYAZQBkAC4AAAAAAHQAJgABAE8AcgBpAGcAaQBuAGEAbABGAGkAbABlAG4AYQBtAGUAAABTAHkAcwB0AGUAbQAuAFAAcgBpAHYAYQB0AGUALgBTAHQAYQBjAGsAVAByAGEAYwBlAE0AZQB0AGEAZABhAHQAYQAuAGQAbABsAAAAVAAaAAEAUAByAG8AZAB1AGMAdABOAGEAbQBlAAAAAABNAGkAYwByAG8AcwBvAGYAdACuACAALgBOAEUAVAAgAEYAcgBhAG0AZQB3AG8AcgBrAAAAlAA4AAEAUAByAG8AZAB1AGMAdABWAGUAcgBzAGkAbwBuAAAANAAuADYALgAyADUANwAwADkALgAwADAAIABiAHUAaQBsAHQAIABiAHkAOgAgAGQAbABhAGIALQBEAEQAQgBMAEQAMgA5ADYASQAuACAAQwBvAG0AbQBpAHQAIABIAGEAcwBoADoAIABOAC8AQQAAADgACAABAEEAcwBzAGUAbQBiAGwAeQAgAFYAZQByAHMAaQBvAG4AAAA0AC4AMAAuADAALgAwAAAA","PDBPresent","","v4.0.30319"
"System.Private.Reflection.Execution, Version=4.0.0.0, Culture=neutral, PublicKeyToken=b03f5f7f11d50a3a","","1504894056","wAQ0AAAAVgBTAF8AVgBFAFIAUwBJAE8ATgBfAEkATgBGAE8AAAAAAL0E7/4AAAEABgAEAAAAbWQAAAAAAAAAAD8AAAAAAAAABAAAAAIAAAAAAAAAAAAAAAAAAABEAAAAAQBWAGEAcgBGAGkAbABlAEkAbgBmAG8AAAAAACQABAAAAFQAcgBhAG4AcwBsAGEAdABpAG8AbgAAAAAAAACwBCAEAAABAFMAdAByAGkAbgBnAEYAaQBsAGUASQBuAGYAbwAAAPwDAAABADAAMAAwADAAMAA0AGIAMAAAAGAAJAABAEMAbwBtAG0AZQBuAHQAcwAAAFMAeQBzAHQAZQBtAC4AUAByAGkAdgBhAHQAZQAuAFIAZQBmAGwAZQBjAHQAaQBvAG4ALgBFAHgAZQBjAHUAdABpAG8AbgAAAEwAFgABAEMAbwBtAHAAYQBuAHkATgBhAG0AZQAAAAAATQBpAGMAcgBvAHMAbwBmAHQAIABDAG8AcgBwAG8AcgBhAHQAaQBvAG4AAABwACQAAQBGAGkAbABlAEQAZQBzAGMAcgBpAHAAdABpAG8AbgAAAAAAUwB5AHMAdABlAG0ALgBQAHIAaQB2AGEAdABlAC4AUgBlAGYAbABlAGMAdABpAG8AbgAuAEUAeABlAGMAdQB0AGkAbwBuAAAAOgANAAEARgBpAGwAZQBWAGUAcgBzAGkAbwBuAAAAAAA0AC4ANgAuADIANQA3ADAAOQAuADAAMAAAAAAAcAAoAAEASQBuAHQAZQByAG4AYQBsAE4AYQBtAGUAAABTAHkAcwB0AGUAbQAuAFAAcgBpAHYAYQB0AGUALgBSAGUAZgBsAGUAYwB0AGkAbwBuAC4ARQB4AGUAYwB1AHQAaQBvAG4ALgBkAGwAbAAAAIIALwABAEwAZQBnAGEAbABDAG8AcAB5AHIAaQBnAGgAdAAAAKkAIABNAGkAYwByAG8AcwBvAGYAdAAgAEMAbwByAHAAbwByAGEAdABpAG8AbgAuACAAIABBAGwAbAAgAHIAaQBnAGgAdABzACAAcgBlAHMAZQByAHYAZQBkAC4AAAAAAHgAKAABAE8AcgBpAGcAaQBuAGEAbABGAGkAbABlAG4AYQBtAGUAAABTAHkAcwB0AGUAbQAuAFAAcgBpAHYAYQB0AGUALgBSAGUAZgBsAGUAYwB0AGkAbwBuAC4ARQB4AGUAYwB1AHQAaQBvAG4ALgBkAGwAbAAAAFQAGgABAFAAcgBvAGQAdQBjAHQATgBhAG0AZQAAAAAATQBpAGMAcgBvAHMAbwBmAHQArgAgAC4ATgBFAFQAIABGAHIAYQBtAGUAdwBvAHIAawAAAJQAOAABAFAAcgBvAGQAdQBjAHQAVgBlAHIAcwBpAG8AbgAAADQALgA2AC4AMgA1ADcAMAA5AC4AMAAwACAAYgB1AGkAbAB0ACAAYgB5ADoAIABkAGwAYQBiAC0ARABEAEIATABEADIAOQA2AEkALgAgAEMAbwBtAG0AaQB0ACAASABhAHMAaAA6ACAATgAvAEEAAAA4AAgAAQBBAHMAcwBlAG0AYgBsAHkAIABWAGUAcgBzAGkAbwBuAAAANAAuADAALgAwAC4AMAAAAA==","PDBPresent","","v4.0.30319"
"System.Diagnostics.Tools, Version=4.1.1.0, Culture=neutral, PublicKeyToken=b03f5f7f11d50a3a","","1504834573","XAQ0AAAAVgBTAF8AVgBFAFIAUwBJAE8ATgBfAEkATgBGAE8AAAAAAL0E7/4AAAEABgAEAAEAbGQAAAAAAAAAAD8AAAAAAAAABAAAAAIAAAAAAAAAAAAAAAAAAABEAAAAAQBWAGEAcgBGAGkAbABlAEkAbgBmAG8AAAAAACQABAAAAFQAcgBhAG4AcwBsAGEAdABpAG8AbgAAAAAAAACwBLwDAAABAFMAdAByAGkAbgBnAEYAaQBsAGUASQBuAGYAbwAAAJgDAAABADAAMAAwADAAMAA0AGIAMAAAAEoAGQABAEMAbwBtAG0AZQBuAHQAcwAAAFMAeQBzAHQAZQBtAC4ARABpAGEAZwBuAG8AcwB0AGkAYwBzAC4AVABvAG8AbABzAAAAAABMABYAAQBDAG8AbQBwAGEAbgB5AE4AYQBtAGUAAAAAAE0AaQBjAHIAbwBzAG8AZgB0ACAAQwBvAHIAcABvAHIAYQB0AGkAbwBuAAAAWgAZAAEARgBpAGwAZQBEAGUAcwBjAHIAaQBwAHQAaQBvAG4AAAAAAFMAeQBzAHQAZQBtAC4ARABpAGEAZwBuAG8AcwB0AGkAYwBzAC4AVABvAG8AbABzAAAAAAA6AA0AAQBGAGkAbABlAFYAZQByAHMAaQBvAG4AAAAAADQALgA2AC4AMgA1ADcAMAA4AC4AMAAxAAAAAABaAB0AAQBJAG4AdABlAHIAbgBhAGwATgBhAG0AZQAAAFMAeQBzAHQAZQBtAC4ARABpAGEAZwBuAG8AcwB0AGkAYwBzAC4AVABvAG8AbABzAC4AZABsAGwAAAAAAIIALwABAEwAZQBnAGEAbABDAG8AcAB5AHIAaQBnAGgAdAAAAKkAIABNAGkAYwByAG8AcwBvAGYAdAAgAEMAbwByAHAAbwByAGEAdABpAG8AbgAuACAAIABBAGwAbAAgAHIAaQBnAGgAdABzACAAcgBlAHMAZQByAHYAZQBkAC4AAAAAAGIAHQABAE8AcgBpAGcAaQBuAGEAbABGAGkAbABlAG4AYQBtAGUAAABTAHkAcwB0AGUAbQAuAEQAaQBhAGcAbgBvAHMAdABpAGMAcwAuAFQAbwBvAGwAcwAuAGQAbABsAAAAAABUABoAAQBQAHIAbwBkAHUAYwB0AE4AYQBtAGUAAAAAAE0AaQBjAHIAbwBzAG8AZgB0AK4AIAAuAE4ARQBUACAARgByAGEAbQBlAHcAbwByAGsAAAB+AC0AAQBQAHIAbwBkAHUAYwB0AFYAZQByAHMAaQBvAG4AAAA0AC4ANgAuADIANQA3ADAAOAAuADAAMQAgAGIAdQBpAGwAdAAgAGIAeQA6ACAAZABsAGEAYgAtAEQARABWAFMATwBXAEkATgBBAEcARQAwADIAMwAuACAAAAAAADgACAABAEEAcwBzAGUAbQBiAGwAeQAgAFYAZQByAHMAaQBvAG4AAAA0AC4AMQAuADEALgAwAAAA","PDBPresent","","v4.0.30319"
"System.Collections, Version=4.1.1.0, Culture=neutral, PublicKeyToken=b03f5f7f11d50a3a","","1504834581","LAQ0AAAAVgBTAF8AVgBFAFIAUwBJAE8ATgBfAEkATgBGAE8AAAAAAL0E7/4AAAEABgAEAAEAbGQAAAAAAAAAAD8AAAAAAAAABAAAAAIAAAAAAAAAAAAAAAAAAABEAAAAAQBWAGEAcgBGAGkAbABlAEkAbgBmAG8AAAAAACQABAAAAFQAcgBhAG4AcwBsAGEAdABpAG8AbgAAAAAAAACwBIwDAAABAFMAdAByAGkAbgBnAEYAaQBsAGUASQBuAGYAbwAAAGgDAAABADAAMAAwADAAMAA0AGIAMAAAAD4AEwABAEMAbwBtAG0AZQBuAHQAcwAAAFMAeQBzAHQAZQBtAC4AQwBvAGwAbABlAGMAdABpAG8AbgBzAAAAAABMABYAAQBDAG8AbQBwAGEAbgB5AE4AYQBtAGUAAAAAAE0AaQBjAHIAbwBzAG8AZgB0ACAAQwBvAHIAcABvAHIAYQB0AGkAbwBuAAAATgATAAEARgBpAGwAZQBEAGUAcwBjAHIAaQBwAHQAaQBvAG4AAAAAAFMAeQBzAHQAZQBtAC4AQwBvAGwAbABlAGMAdABpAG8AbgBzAAAAAAA6AA0AAQBGAGkAbABlAFYAZQByAHMAaQBvAG4AAAAAADQALgA2AC4AMgA1ADcAMAA4AC4AMAAxAAAAAABOABcAAQBJAG4AdABlAHIAbgBhAGwATgBhAG0AZQAAAFMAeQBzAHQAZQBtAC4AQwBvAGwAbABlAGMAdABpAG8AbgBzAC4AZABsAGwAAAAAAIIALwABAEwAZQBnAGEAbABDAG8AcAB5AHIAaQBnAGgAdAAAAKkAIABNAGkAYwByAG8AcwBvAGYAdAAgAEMAbwByAHAAbwByAGEAdABpAG8AbgAuACAAIABBAGwAbAAgAHIAaQBnAGgAdABzACAAcgBlAHMAZQByAHYAZQBkAC4AAAAAAFYAFwABAE8AcgBpAGcAaQBuAGEAbABGAGkAbABlAG4AYQBtAGUAAABTAHkAcwB0AGUAbQAuAEMAbwBsAGwAZQBjAHQAaQBvAG4AcwAuAGQAbABsAAAAAABUABoAAQBQAHIAbwBkAHUAYwB0AE4AYQBtAGUAAAAAAE0AaQBjAHIAbwBzAG8AZgB0AK4AIAAuAE4ARQBUACAARgByAGEAbQBlAHcAbwByAGsAAAB+AC0AAQBQAHIAbwBkAHUAYwB0AFYAZQByAHMAaQBvAG4AAAA0AC4ANgAuADIANQA3ADAAOAAuADAAMQAgAGIAdQBpAGwAdAAgAGIAeQA6ACAAZABsAGEAYgAtAEQARABWAFMATwBXAEkATgBBAEcARQAwADIAMwAuACAAAAAAADgACAABAEEAcwBzAGUAbQBiAGwAeQAgAFYAZQByAHMAaQBvAG4AAAA0AC4AMQAuADEALgAwAAAA","PDBPresent","","v4.0.30319"
"System.Collections.Concurrent, Version=4.0.14.0, Culture=neutral, PublicKeyToken=b03f5f7f11d50a3a","","1504834594","fgQ0AAAAVgBTAF8AVgBFAFIAUwBJAE8ATgBfAEkATgBGAE8AAAAAAL0E7/4AAAEABgAEAAEAbGQAAAAAAAAAAD8AAAAAAAAABAAAAAIAAAAAAAAAAAAAAAAAAABEAAAAAQBWAGEAcgBGAGkAbABlAEkAbgBmAG8AAAAAACQABAAAAFQAcgBhAG4AcwBsAGEAdABpAG8AbgAAAAAAAACwBN4DAAABAFMAdAByAGkAbgBnAEYAaQBsAGUASQBuAGYAbwAAALoDAAABADAAMAAwADAAMAA0AGIAMAAAAFQAHgABAEMAbwBtAG0AZQBuAHQAcwAAAFMAeQBzAHQAZQBtAC4AQwBvAGwAbABlAGMAdABpAG8AbgBzAC4AQwBvAG4AYwB1AHIAcgBlAG4AdAAAAEwAFgABAEMAbwBtAHAAYQBuAHkATgBhAG0AZQAAAAAATQBpAGMAcgBvAHMAbwBmAHQAIABDAG8AcgBwAG8AcgBhAHQAaQBvAG4AAABkAB4AAQBGAGkAbABlAEQAZQBzAGMAcgBpAHAAdABpAG8AbgAAAAAAUwB5AHMAdABlAG0ALgBDAG8AbABsAGUAYwB0AGkAbwBuAHMALgBDAG8AbgBjAHUAcgByAGUAbgB0AAAAOgANAAEARgBpAGwAZQBWAGUAcgBzAGkAbwBuAAAAAAA0AC4ANgAuADIANQA3ADAAOAAuADAAMQAAAAAAZAAiAAEASQBuAHQAZQByAG4AYQBsAE4AYQBtAGUAAABTAHkAcwB0AGUAbQAuAEMAbwBsAGwAZQBjAHQAaQBvAG4AcwAuAEMAbwBuAGMAdQByAHIAZQBuAHQALgBkAGwAbAAAAIIALwABAEwAZQBnAGEAbABDAG8AcAB5AHIAaQBnAGgAdAAAAKkAIABNAGkAYwByAG8AcwBvAGYAdAAgAEMAbwByAHAAbwByAGEAdABpAG8AbgAuACAAIABBAGwAbAAgAHIAaQBnAGgAdABzACAAcgBlAHMAZQByAHYAZQBkAC4AAAAAAGwAIgABAE8AcgBpAGcAaQBuAGEAbABGAGkAbABlAG4AYQBtAGUAAABTAHkAcwB0AGUAbQAuAEMAbwBsAGwAZQBjAHQAaQBvAG4AcwAuAEMAbwBuAGMAdQByAHIAZQBuAHQALgBkAGwAbAAAAFQAGgABAFAAcgBvAGQAdQBjAHQATgBhAG0AZQAAAAAATQBpAGMAcgBvAHMAbwBmAHQArgAgAC4ATgBFAFQAIABGAHIAYQBtAGUAdwBvAHIAawAAAH4ALQABAFAAcgBvAGQAdQBjAHQAVgBlAHIAcwBpAG8AbgAAADQALgA2AC4AMgA1ADcAMAA4AC4AMAAxACAAYgB1AGkAbAB0ACAAYgB5ADoAIABkAGwAYQBiAC0ARABEAFYAUwBPAFcASQBOAEEARwBFADAAMgAzAC4AIAAAAAAAOgAJAAEAQQBzAHMAZQBtAGIAbAB5ACAAVgBlAHIAcwBpAG8AbgAAADQALgAwAC4AMQA0AC4AMAAAAA==","PDBPresent","","v4.0.30319"
"System.Linq, Version=4.2.1.0, Culture=neutral, PublicKeyToken=b03f5f7f11d50a3a","","1504834583","7AM0AAAAVgBTAF8AVgBFAFIAUwBJAE8ATgBfAEkATgBGAE8AAAAAAL0E7/4AAAEABgAEAAEAbGQAAAAAAAAAAD8AAAAAAAAABAAAAAIAAAAAAAAAAAAAAAAAAABEAAAAAQBWAGEAcgBGAGkAbABlAEkAbgBmAG8AAAAAACQABAAAAFQAcgBhAG4AcwBsAGEAdABpAG8AbgAAAAAAAACwBEwDAAABAFMAdAByAGkAbgBnAEYAaQBsAGUASQBuAGYAbwAAACgDAAABADAAMAAwADAAMAA0AGIAMAAAADAADAABAEMAbwBtAG0AZQBuAHQAcwAAAFMAeQBzAHQAZQBtAC4ATABpAG4AcQAAAEwAFgABAEMAbwBtAHAAYQBuAHkATgBhAG0AZQAAAAAATQBpAGMAcgBvAHMAbwBmAHQAIABDAG8AcgBwAG8AcgBhAHQAaQBvAG4AAABAAAwAAQBGAGkAbABlAEQAZQBzAGMAcgBpAHAAdABpAG8AbgAAAAAAUwB5AHMAdABlAG0ALgBMAGkAbgBxAAAAOgANAAEARgBpAGwAZQBWAGUAcgBzAGkAbwBuAAAAAAA0AC4ANgAuADIANQA3ADAAOAAuADAAMQAAAAAAQAAQAAEASQBuAHQAZQByAG4AYQBsAE4AYQBtAGUAAABTAHkAcwB0AGUAbQAuAEwAaQBuAHEALgBkAGwAbAAAAIIALwABAEwAZQBnAGEAbABDAG8AcAB5AHIAaQBnAGgAdAAAAKkAIABNAGkAYwByAG8AcwBvAGYAdAAgAEMAbwByAHAAbwByAGEAdABpAG8AbgAuACAAIABBAGwAbAAgAHIAaQBnAGgAdABzACAAcgBlAHMAZQByAHYAZQBkAC4AAAAAAEgAEAABAE8AcgBpAGcAaQBuAGEAbABGAGkAbABlAG4AYQBtAGUAAABTAHkAcwB0AGUAbQAuAEwAaQBuAHEALgBkAGwAbAAAAFQAGgABAFAAcgBvAGQAdQBjAHQATgBhAG0AZQAAAAAATQBpAGMAcgBvAHMAbwBmAHQArgAgAC4ATgBFAFQAIABGAHIAYQBtAGUAdwBvAHIAawAAAH4ALQABAFAAcgBvAGQAdQBjAHQAVgBlAHIAcwBpAG8AbgAAADQALgA2AC4AMgA1ADcAMAA4AC4AMAAxACAAYgB1AGkAbAB0ACAAYgB5ADoAIABkAGwAYQBiAC0ARABEAFYAUwBPAFcASQBOAEEARwBFADAAMgAzAC4AIAAAAAAAOAAIAAEAQQBzAHMAZQBtAGIAbAB5ACAAVgBlAHIAcwBpAG8AbgAAADQALgAyAC4AMQAuADAAAAA=","PDBPresent","","v4.0.30319"
"System.Linq.Expressions, Version=4.2.1.0, Culture=neutral, PublicKeyToken=b03f5f7f11d50a3a","","1504834585","TAQ0AAAAVgBTAF8AVgBFAFIAUwBJAE8ATgBfAEkATgBGAE8AAAAAAL0E7/4AAAEABgAEAAEAbGQAAAAAAAAAAD8AAAAAAAAABAAAAAIAAAAAAAAAAAAAAAAAAABEAAAAAQBWAGEAcgBGAGkAbABlAEkAbgBmAG8AAAAAACQABAAAAFQAcgBhAG4AcwBsAGEAdABpAG8AbgAAAAAAAACwBKwDAAABAFMAdAByAGkAbgBnAEYAaQBsAGUASQBuAGYAbwAAAIgDAAABADAAMAAwADAAMAA0AGIAMAAAAEgAGAABAEMAbwBtAG0AZQBuAHQAcwAAAFMAeQBzAHQAZQBtAC4ATABpAG4AcQAuAEUAeABwAHIAZQBzAHMAaQBvAG4AcwAAAEwAFgABAEMAbwBtAHAAYQBuAHkATgBhAG0AZQAAAAAATQBpAGMAcgBvAHMAbwBmAHQAIABDAG8AcgBwAG8AcgBhAHQAaQBvAG4AAABYABgAAQBGAGkAbABlAEQAZQBzAGMAcgBpAHAAdABpAG8AbgAAAAAAUwB5AHMAdABlAG0ALgBMAGkAbgBxAC4ARQB4AHAAcgBlAHMAcwBpAG8AbgBzAAAAOgANAAEARgBpAGwAZQBWAGUAcgBzAGkAbwBuAAAAAAA0AC4ANgAuADIANQA3ADAAOAAuADAAMQAAAAAAWAAcAAEASQBuAHQAZQByAG4AYQBsAE4AYQBtAGUAAABTAHkAcwB0AGUAbQAuAEwAaQBuAHEALgBFAHgAcAByAGUAcwBzAGkAbwBuAHMALgBkAGwAbAAAAIIALwABAEwAZQBnAGEAbABDAG8AcAB5AHIAaQBnAGgAdAAAAKkAIABNAGkAYwByAG8AcwBvAGYAdAAgAEMAbwByAHAAbwByAGEAdABpAG8AbgAuACAAIABBAGwAbAAgAHIAaQBnAGgAdABzACAAcgBlAHMAZQByAHYAZQBkAC4AAAAAAGAAHAABAE8AcgBpAGcAaQBuAGEAbABGAGkAbABlAG4AYQBtAGUAAABTAHkAcwB0AGUAbQAuAEwAaQBuAHEALgBFAHgAcAByAGUAcwBzAGkAbwBuAHMALgBkAGwAbAAAAFQAGgABAFAAcgBvAGQAdQBjAHQATgBhAG0AZQAAAAAATQBpAGMAcgBvAHMAbwBmAHQArgAgAC4ATgBFAFQAIABGAHIAYQBtAGUAdwBvAHIAawAAAH4ALQABAFAAcgBvAGQAdQBjAHQAVgBlAHIAcwBpAG8AbgAAADQALgA2AC4AMgA1ADcAMAA4AC4AMAAxACAAYgB1AGkAbAB0ACAAYgB5ADoAIABkAGwAYQBiAC0ARABEAFYAUwBPAFcASQBOAEEARwBFADAAMgAzAC4AIAAAAAAAOAAIAAEAQQBzAHMAZQBtAGIAbAB5ACAAVgBlAHIAcwBpAG8AbgAAADQALgAyAC4AMQAuADAAAAA=","PDBPresent","","v4.0.30319"
"System.Private.Interop, Version=999.999.999.999, Culture=neutral, PublicKeyToken=b03f5f7f11d50a3a","","1504894038","cAQ0AAAAVgBTAF8AVgBFAFIAUwBJAE8ATgBfAEkATgBGAE8AAAAAAL0E7/4AAAEABgAEAAAAbWQAAAAAAAAAAD8AAAAAAAAABAAAAAIAAAAAAAAAAAAAAAAAAABEAAAAAQBWAGEAcgBGAGkAbABlAEkAbgBmAG8AAAAAACQABAAAAFQAcgBhAG4AcwBsAGEAdABpAG8AbgAAAAAAAACwBNADAAABAFMAdAByAGkAbgBnAEYAaQBsAGUASQBuAGYAbwAAAKwDAAABADAAMAAwADAAMAA0AGIAMAAAAEYAFwABAEMAbwBtAG0AZQBuAHQAcwAAAFMAeQBzAHQAZQBtAC4AUAByAGkAdgBhAHQAZQAuAEkAbgB0AGUAcgBvAHAAAAAAAEwAFgABAEMAbwBtAHAAYQBuAHkATgBhAG0AZQAAAAAATQBpAGMAcgBvAHMAbwBmAHQAIABDAG8AcgBwAG8AcgBhAHQAaQBvAG4AAABWABcAAQBGAGkAbABlAEQAZQBzAGMAcgBpAHAAdABpAG8AbgAAAAAAUwB5AHMAdABlAG0ALgBQAHIAaQB2AGEAdABlAC4ASQBuAHQAZQByAG8AcAAAAAAAOgANAAEARgBpAGwAZQBWAGUAcgBzAGkAbwBuAAAAAAA0AC4ANgAuADIANQA3ADAAOQAuADAAMAAAAAAAVgAbAAEASQBuAHQAZQByAG4AYQBsAE4AYQBtAGUAAABTAHkAcwB0AGUAbQAuAFAAcgBpAHYAYQB0AGUALgBJAG4AdABlAHIAbwBwAC4AZABsAGwAAAAAAIIALwABAEwAZQBnAGEAbABDAG8AcAB5AHIAaQBnAGgAdAAAAKkAIABNAGkAYwByAG8AcwBvAGYAdAAgAEMAbwByAHAAbwByAGEAdABpAG8AbgAuACAAIABBAGwAbAAgAHIAaQBnAGgAdABzACAAcgBlAHMAZQByAHYAZQBkAC4AAAAAAF4AGwABAE8AcgBpAGcAaQBuAGEAbABGAGkAbABlAG4AYQBtAGUAAABTAHkAcwB0AGUAbQAuAFAAcgBpAHYAYQB0AGUALgBJAG4AdABlAHIAbwBwAC4AZABsAGwAAAAAAFQAGgABAFAAcgBvAGQAdQBjAHQATgBhAG0AZQAAAAAATQBpAGMAcgBvAHMAbwBmAHQArgAgAC4ATgBFAFQAIABGAHIAYQBtAGUAdwBvAHIAawAAAJQAOAABAFAAcgBvAGQAdQBjAHQAVgBlAHIAcwBpAG8AbgAAADQALgA2AC4AMgA1ADcAMAA5AC4AMAAwACAAYgB1AGkAbAB0ACAAYgB5ADoAIABkAGwAYQBiAC0ARABEAEIATABEADIAOQA2AEkALgAgAEMAbwBtAG0AaQB0ACAASABhAHMAaAA6ACAATgAvAEEAAABIABAAAQBBAHMAcwBlAG0AYgBsAHkAIABWAGUAcgBzAGkAbwBuAAAAOQA5ADkALgA5ADkAOQAuADkAOQA5AC4AOQA5ADkAAAA=","PDBPresent","","v4.0.30319"
"System.Private.Reflection.Core, Version=4.0.0.0, Culture=neutral, PublicKeyToken=b03f5f7f11d50a3a","","1504894047","oAQ0AAAAVgBTAF8AVgBFAFIAUwBJAE8ATgBfAEkATgBGAE8AAAAAAL0E7/4AAAEABgAEAAAAbWQAAAAAAAAAAD8AAAAAAAAABAAAAAIAAAAAAAAAAAAAAAAAAABEAAAAAQBWAGEAcgBGAGkAbABlAEkAbgBmAG8AAAAAACQABAAAAFQAcgBhAG4AcwBsAGEAdABpAG8AbgAAAAAAAACwBAAEAAABAFMAdAByAGkAbgBnAEYAaQBsAGUASQBuAGYAbwAAANwDAAABADAAMAAwADAAMAA0AGIAMAAAAFYAHwABAEMAbwBtAG0AZQBuAHQAcwAAAFMAeQBzAHQAZQBtAC4AUAByAGkAdgBhAHQAZQAuAFIAZQBmAGwAZQBjAHQAaQBvAG4ALgBDAG8AcgBlAAAAAABMABYAAQBDAG8AbQBwAGEAbgB5AE4AYQBtAGUAAAAAAE0AaQBjAHIAbwBzAG8AZgB0ACAAQwBvAHIAcABvAHIAYQB0AGkAbwBuAAAAZgAfAAEARgBpAGwAZQBEAGUAcwBjAHIAaQBwAHQAaQBvAG4AAAAAAFMAeQBzAHQAZQBtAC4AUAByAGkAdgBhAHQAZQAuAFIAZQBmAGwAZQBjAHQAaQBvAG4ALgBDAG8AcgBlAAAAAAA6AA0AAQBGAGkAbABlAFYAZQByAHMAaQBvAG4AAAAAADQALgA2AC4AMgA1ADcAMAA5AC4AMAAwAAAAAABmACMAAQBJAG4AdABlAHIAbgBhAGwATgBhAG0AZQAAAFMAeQBzAHQAZQBtAC4AUAByAGkAdgBhAHQAZQAuAFIAZQBmAGwAZQBjAHQAaQBvAG4ALgBDAG8AcgBlAC4AZABsAGwAAAAAAIIALwABAEwAZQBnAGEAbABDAG8AcAB5AHIAaQBnAGgAdAAAAKkAIABNAGkAYwByAG8AcwBvAGYAdAAgAEMAbwByAHAAbwByAGEAdABpAG8AbgAuACAAIABBAGwAbAAgAHIAaQBnAGgAdABzACAAcgBlAHMAZQByAHYAZQBkAC4AAAAAAG4AIwABAE8AcgBpAGcAaQBuAGEAbABGAGkAbABlAG4AYQBtAGUAAABTAHkAcwB0AGUAbQAuAFAAcgBpAHYAYQB0AGUALgBSAGUAZgBsAGUAYwB0AGkAbwBuAC4AQwBvAHIAZQAuAGQAbABsAAAAAABUABoAAQBQAHIAbwBkAHUAYwB0AE4AYQBtAGUAAAAAAE0AaQBjAHIAbwBzAG8AZgB0AK4AIAAuAE4ARQBUACAARgByAGEAbQBlAHcAbwByAGsAAACUADgAAQBQAHIAbwBkAHUAYwB0AFYAZQByAHMAaQBvAG4AAAA0AC4ANgAuADIANQA3ADAAOQAuADAAMAAgAGIAdQBpAGwAdAAgAGIAeQA6ACAAZABsAGEAYgAtAEQARABCAEwARAAyADkANgBJAC4AIABDAG8AbQBtAGkAdAAgAEgAYQBzAGgAOgAgAE4ALwBBAAAAOAAIAAEAQQBzAHMAZQBtAGIAbAB5ACAAVgBlAHIAcwBpAG8AbgAAADQALgAwAC4AMAAuADAAAAA=","PDBPresent","","v4.0.30319"
"System.Private.Reflection.Metadata, Version=4.0.0.0, Culture=neutral, PublicKeyToken=b03f5f7f11d50a3a","","1504894031","wAQ0AAAAVgBTAF8AVgBFAFIAUwBJAE8ATgBfAEkATgBGAE8AAAAAAL0E7/4AAAEABgAEAAAAbWQAAAAAAAAAAD8AAAAAAAAABAAAAAIAAAAAAAAAAAAAAAAAAABEAAAAAQBWAGEAcgBGAGkAbABlAEkAbgBmAG8AAAAAACQABAAAAFQAcgBhAG4AcwBsAGEAdABpAG8AbgAAAAAAAACwBCAEAAABAFMAdAByAGkAbgBnAEYAaQBsAGUASQBuAGYAbwAAAPwDAAABADAAMAAwADAAMAA0AGIAMAAAAF4AIwABAEMAbwBtAG0AZQBuAHQAcwAAAFMAeQBzAHQAZQBtAC4AUAByAGkAdgBhAHQAZQAuAFIAZQBmAGwAZQBjAHQAaQBvAG4ALgBNAGUAdABhAGQAYQB0AGEAAAAAAEwAFgABAEMAbwBtAHAAYQBuAHkATgBhAG0AZQAAAAAATQBpAGMAcgBvAHMAbwBmAHQAIABDAG8AcgBwAG8AcgBhAHQAaQBvAG4AAABuACMAAQBGAGkAbABlAEQAZQBzAGMAcgBpAHAAdABpAG8AbgAAAAAAUwB5AHMAdABlAG0ALgBQAHIAaQB2AGEAdABlAC4AUgBlAGYAbABlAGMAdABpAG8AbgAuAE0AZQB0AGEAZABhAHQAYQAAAAAAOgANAAEARgBpAGwAZQBWAGUAcgBzAGkAbwBuAAAAAAA0AC4ANgAuADIANQA3ADAAOQAuADAAMAAAAAAAbgAnAAEASQBuAHQAZQByAG4AYQBsAE4AYQBtAGUAAABTAHkAcwB0AGUAbQAuAFAAcgBpAHYAYQB0AGUALgBSAGUAZgBsAGUAYwB0AGkAbwBuAC4ATQBlAHQAYQBkAGEAdABhAC4AZABsAGwAAAAAAIIALwABAEwAZQBnAGEAbABDAG8AcAB5AHIAaQBnAGgAdAAAAKkAIABNAGkAYwByAG8AcwBvAGYAdAAgAEMAbwByAHAAbwByAGEAdABpAG8AbgAuACAAIABBAGwAbAAgAHIAaQBnAGgAdABzACAAcgBlAHMAZQByAHYAZQBkAC4AAAAAAHYAJwABAE8AcgBpAGcAaQBuAGEAbABGAGkAbABlAG4AYQBtAGUAAABTAHkAcwB0AGUAbQAuAFAAcgBpAHYAYQB0AGUALgBSAGUAZgBsAGUAYwB0AGkAbwBuAC4ATQBlAHQAYQBkAGEAdABhAC4AZABsAGwAAAAAAFQAGgABAFAAcgBvAGQAdQBjAHQATgBhAG0AZQAAAAAATQBpAGMAcgBvAHMAbwBmAHQArgAgAC4ATgBFAFQAIABGAHIAYQBtAGUAdwBvAHIAawAAAJQAOAABAFAAcgBvAGQAdQBjAHQAVgBlAHIAcwBpAG8AbgAAADQALgA2AC4AMgA1ADcAMAA5AC4AMAAwACAAYgB1AGkAbAB0ACAAYgB5ADoAIABkAGwAYQBiAC0ARABEAEIATABEADIAOQA2AEkALgAgAEMAbwBtAG0AaQB0ACAASABhAHMAaAA6ACAATgAvAEEAAAA4AAgAAQBBAHMAcwBlAG0AYgBsAHkAIABWAGUAcgBzAGkAbwBuAAAANAAuADAALgAwAC4AMAAAAA==","PDBPresent","","v4.0.30319"
"System.Private.Threading, Version=4.0.0.0, Culture=neutral, PublicKeyToken=b03f5f7f11d50a3a","","1504894031","cAQ0AAAAVgBTAF8AVgBFAFIAUwBJAE8ATgBfAEkATgBGAE8AAAAAAL0E7/4AAAEABgAEAAAAbWQAAAAAAAAAAD8AAAAAAAAABAAAAAIAAAAAAAAAAAAAAAAAAABEAAAAAQBWAGEAcgBGAGkAbABlAEkAbgBmAG8AAAAAACQABAAAAFQAcgBhAG4AcwBsAGEAdABpAG8AbgAAAAAAAACwBNADAAABAFMAdAByAGkAbgBnAEYAaQBsAGUASQBuAGYAbwAAAKwDAAABADAAMAAwADAAMAA0AGIAMAAAAEoAGQABAEMAbwBtAG0AZQBuAHQAcwAAAFMAeQBzAHQAZQBtAC4AUAByAGkAdgBhAHQAZQAuAFQAaAByAGUAYQBkAGkAbgBnAAAAAABMABYAAQBDAG8AbQBwAGEAbgB5AE4AYQBtAGUAAAAAAE0AaQBjAHIAbwBzAG8AZgB0ACAAQwBvAHIAcABvAHIAYQB0AGkAbwBuAAAAWgAZAAEARgBpAGwAZQBEAGUAcwBjAHIAaQBwAHQAaQBvAG4AAAAAAFMAeQBzAHQAZQBtAC4AUAByAGkAdgBhAHQAZQAuAFQAaAByAGUAYQBkAGkAbgBnAAAAAAA6AA0AAQBGAGkAbABlAFYAZQByAHMAaQBvAG4AAAAAADQALgA2AC4AMgA1ADcAMAA5AC4AMAAwAAAAAABaAB0AAQBJAG4AdABlAHIAbgBhAGwATgBhAG0AZQAAAFMAeQBzAHQAZQBtAC4AUAByAGkAdgBhAHQAZQAuAFQAaAByAGUAYQBkAGkAbgBnAC4AZABsAGwAAAAAAIIALwABAEwAZQBnAGEAbABDAG8AcAB5AHIAaQBnAGgAdAAAAKkAIABNAGkAYwByAG8AcwBvAGYAdAAgAEMAbwByAHAAbwByAGEAdABpAG8AbgAuACAAIABBAGwAbAAgAHIAaQBnAGgAdABzACAAcgBlAHMAZQByAHYAZQBkAC4AAAAAAGIAHQABAE8AcgBpAGcAaQBuAGEAbABGAGkAbABlAG4AYQBtAGUAAABTAHkAcwB0AGUAbQAuAFAAcgBpAHYAYQB0AGUALgBUAGgAcgBlAGEAZABpAG4AZwAuAGQAbABsAAAAAABUABoAAQBQAHIAbwBkAHUAYwB0AE4AYQBtAGUAAAAAAE0AaQBjAHIAbwBzAG8AZgB0AK4AIAAuAE4ARQBUACAARgByAGEAbQBlAHcAbwByAGsAAACUADgAAQBQAHIAbwBkAHUAYwB0AFYAZQByAHMAaQBvAG4AAAA0AC4ANgAuADIANQA3ADAAOQAuADAAMAAgAGIAdQBpAGwAdAAgAGIAeQA6ACAAZABsAGEAYgAtAEQARABCAEwARAAyADkANgBJAC4AIABDAG8AbQBtAGkAdAAgAEgAYQBzAGgAOgAgAE4ALwBBAAAAOAAIAAEAQQBzAHMAZQBtAGIAbAB5ACAAVgBlAHIAcwBpAG8AbgAAADQALgAwAC4AMAAuADAAAAA=","PDBPresent","","v4.0.30319"
"System.Private.TypeLoader, Version=4.0.0.0, Culture=neutral, PublicKeyToken=b03f5f7f11d50a3a","","1504894035","cAQ0AAAAVgBTAF8AVgBFAFIAUwBJAE8ATgBfAEkATgBGAE8AAAAAAL0E7/4AAAEABgAEAAAAbWQAAAAAAAAAAD8AAAAAAAAABAAAAAIAAAAAAAAAAAAAAAAAAABEAAAAAQBWAGEAcgBGAGkAbABlAEkAbgBmAG8AAAAAACQABAAAAFQAcgBhAG4AcwBsAGEAdABpAG8AbgAAAAAAAACwBNADAAABAFMAdAByAGkAbgBnAEYAaQBsAGUASQBuAGYAbwAAAKwDAAABADAAMAAwADAAMAA0AGIAMAAAAEwAGgABAEMAbwBtAG0AZQBuAHQAcwAAAFMAeQBzAHQAZQBtAC4AUAByAGkAdgBhAHQAZQAuAFQAeQBwAGUATABvAGEAZABlAHIAAABMABYAAQBDAG8AbQBwAGEAbgB5AE4AYQBtAGUAAAAAAE0AaQBjAHIAbwBzAG8AZgB0ACAAQwBvAHIAcABvAHIAYQB0AGkAbwBuAAAAXAAaAAEARgBpAGwAZQBEAGUAcwBjAHIAaQBwAHQAaQBvAG4AAAAAAFMAeQBzAHQAZQBtAC4AUAByAGkAdgBhAHQAZQAuAFQAeQBwAGUATABvAGEAZABlAHIAAAA6AA0AAQBGAGkAbABlAFYAZQByAHMAaQBvAG4AAAAAADQALgA2AC4AMgA1ADcAMAA5AC4AMAAwAAAAAABcAB4AAQBJAG4AdABlAHIAbgBhAGwATgBhAG0AZQAAAFMAeQBzAHQAZQBtAC4AUAByAGkAdgBhAHQAZQAuAFQAeQBwAGUATABvAGEAZABlAHIALgBkAGwAbAAAAIIALwABAEwAZQBnAGEAbABDAG8AcAB5AHIAaQBnAGgAdAAAAKkAIABNAGkAYwByAG8AcwBvAGYAdAAgAEMAbwByAHAAbwByAGEAdABpAG8AbgAuACAAIABBAGwAbAAgAHIAaQBnAGgAdABzACAAcgBlAHMAZQByAHYAZQBkAC4AAAAAAGQAHgABAE8AcgBpAGcAaQBuAGEAbABGAGkAbABlAG4AYQBtAGUAAABTAHkAcwB0AGUAbQAuAFAAcgBpAHYAYQB0AGUALgBUAHkAcABlAEwAbwBhAGQAZQByAC4AZABsAGwAAABUABoAAQBQAHIAbwBkAHUAYwB0AE4AYQBtAGUAAAAAAE0AaQBjAHIAbwBzAG8AZgB0AK4AIAAuAE4ARQBUACAARgByAGEAbQBlAHcAbwByAGsAAACUADgAAQBQAHIAbwBkAHUAYwB0AFYAZQByAHMAaQBvAG4AAAA0AC4ANgAuADIANQA3ADAAOQAuADAAMAAgAGIAdQBpAGwAdAAgAGIAeQA6ACAAZABsAGEAYgAtAEQARABCAEwARAAyADkANgBJAC4AIABDAG8AbQBtAGkAdAAgAEgAYQBzAGgAOgAgAE4ALwBBAAAAOAAIAAEAQQBzAHMAZQBtAGIAbAB5ACAAVgBlAHIAcwBpAG8AbgAAADQALgAwAC4AMAAuADAAAAA=","PDBPresent","","v4.0.30319"
"System.Private.Uri, Version=4.0.5.0, Culture=neutral, PublicKeyToken=b03f5f7f11d50a3a","","1504834571","LAQ0AAAAVgBTAF8AVgBFAFIAUwBJAE8ATgBfAEkATgBGAE8AAAAAAL0E7/4AAAEABgAEAAEAbGQAAAAAAAAAAD8AAAAAAAAABAAAAAIAAAAAAAAAAAAAAAAAAABEAAAAAQBWAGEAcgBGAGkAbABlAEkAbgBmAG8AAAAAACQABAAAAFQAcgBhAG4AcwBsAGEAdABpAG8AbgAAAAAAAACwBIwDAAABAFMAdAByAGkAbgBnAEYAaQBsAGUASQBuAGYAbwAAAGgDAAABADAAMAAwADAAMAA0AGIAMAAAAD4AEwABAEMAbwBtAG0AZQBuAHQAcwAAAFMAeQBzAHQAZQBtAC4AUAByAGkAdgBhAHQAZQAuAFUAcgBpAAAAAABMABYAAQBDAG8AbQBwAGEAbgB5AE4AYQBtAGUAAAAAAE0AaQBjAHIAbwBzAG8AZgB0ACAAQwBvAHIAcABvAHIAYQB0AGkAbwBuAAAATgATAAEARgBpAGwAZQBEAGUAcwBjAHIAaQBwAHQAaQBvAG4AAAAAAFMAeQBzAHQAZQBtAC4AUAByAGkAdgBhAHQAZQAuAFUAcgBpAAAAAAA6AA0AAQBGAGkAbABlAFYAZQByAHMAaQBvAG4AAAAAADQALgA2AC4AMgA1ADcAMAA4AC4AMAAxAAAAAABOABcAAQBJAG4AdABlAHIAbgBhAGwATgBhAG0AZQAAAFMAeQBzAHQAZQBtAC4AUAByAGkAdgBhAHQAZQAuAFUAcgBpAC4AZABsAGwAAAAAAIIALwABAEwAZQBnAGEAbABDAG8AcAB5AHIAaQBnAGgAdAAAAKkAIABNAGkAYwByAG8AcwBvAGYAdAAgAEMAbwByAHAAbwByAGEAdABpAG8AbgAuACAAIABBAGwAbAAgAHIAaQBnAGgAdABzACAAcgBlAHMAZQByAHYAZQBkAC4AAAAAAFYAFwABAE8AcgBpAGcAaQBuAGEAbABGAGkAbABlAG4AYQBtAGUAAABTAHkAcwB0AGUAbQAuAFAAcgBpAHYAYQB0AGUALgBVAHIAaQAuAGQAbABsAAAAAABUABoAAQBQAHIAbwBkAHUAYwB0AE4AYQBtAGUAAAAAAE0AaQBjAHIAbwBzAG8AZgB0AK4AIAAuAE4ARQBUACAARgByAGEAbQBlAHcAbwByAGsAAAB+AC0AAQBQAHIAbwBkAHUAYwB0AFYAZQByAHMAaQBvAG4AAAA0AC4ANgAuADIANQA3ADAAOAAuADAAMQAgAGIAdQBpAGwAdAAgAGIAeQA6ACAAZABsAGEAYgAtAEQARABWAFMATwBXAEkATgBBAEcARQAwADIAMwAuACAAAAAAADgACAABAEEAcwBzAGUAbQBiAGwAeQAgAFYAZQByAHMAaQBvAG4AAAA0AC4AMAAuADUALgAwAAAA","PDBPresent","","v4.0.30319"
"System.Reflection.Primitives, Version=4.1.1.0, Culture=neutral, PublicKeyToken=b03f5f7f11d50a3a","","1504834576","fAQ0AAAAVgBTAF8AVgBFAFIAUwBJAE8ATgBfAEkATgBGAE8AAAAAAL0E7/4AAAEABgAEAAEAbGQAAAAAAAAAAD8AAAAAAAAABAAAAAIAAAAAAAAAAAAAAAAAAABEAAAAAQBWAGEAcgBGAGkAbABlAEkAbgBmAG8AAAAAACQABAAAAFQAcgBhAG4AcwBsAGEAdABpAG8AbgAAAAAAAACwBNwDAAABAFMAdAByAGkAbgBnAEYAaQBsAGUASQBuAGYAbwAAALgDAAABADAAMAAwADAAMAA0AGIAMAAAAFIAHQABAEMAbwBtAG0AZQBuAHQAcwAAAFMAeQBzAHQAZQBtAC4AUgBlAGYAbABlAGMAdABpAG8AbgAuAFAAcgBpAG0AaQB0AGkAdgBlAHMAAAAAAEwAFgABAEMAbwBtAHAAYQBuAHkATgBhAG0AZQAAAAAATQBpAGMAcgBvAHMAbwBmAHQAIABDAG8AcgBwAG8AcgBhAHQAaQBvAG4AAABiAB0AAQBGAGkAbABlAEQAZQBzAGMAcgBpAHAAdABpAG8AbgAAAAAAUwB5AHMAdABlAG0ALgBSAGUAZgBsAGUAYwB0AGkAbwBuAC4AUAByAGkAbQBpAHQAaQB2AGUAcwAAAAAAOgANAAEARgBpAGwAZQBWAGUAcgBzAGkAbwBuAAAAAAA0AC4ANgAuADIANQA3ADAAOAAuADAAMQAAAAAAYgAhAAEASQBuAHQAZQByAG4AYQBsAE4AYQBtAGUAAABTAHkAcwB0AGUAbQAuAFIAZQBmAGwAZQBjAHQAaQBvAG4ALgBQAHIAaQBtAGkAdABpAHYAZQBzAC4AZABsAGwAAAAAAIIALwABAEwAZQBnAGEAbABDAG8AcAB5AHIAaQBnAGgAdAAAAKkAIABNAGkAYwByAG8AcwBvAGYAdAAgAEMAbwByAHAAbwByAGEAdABpAG8AbgAuACAAIABBAGwAbAAgAHIAaQBnAGgAdABzACAAcgBlAHMAZQByAHYAZQBkAC4AAAAAAGoAIQABAE8AcgBpAGcAaQBuAGEAbABGAGkAbABlAG4AYQBtAGUAAABTAHkAcwB0AGUAbQAuAFIAZQBmAGwAZQBjAHQAaQBvAG4ALgBQAHIAaQBtAGkAdABpAHYAZQBzAC4AZABsAGwAAAAAAFQAGgABAFAAcgBvAGQAdQBjAHQATgBhAG0AZQAAAAAATQBpAGMAcgBvAHMAbwBmAHQArgAgAC4ATgBFAFQAIABGAHIAYQBtAGUAdwBvAHIAawAAAH4ALQABAFAAcgBvAGQAdQBjAHQAVgBlAHIAcwBpAG8AbgAAADQALgA2AC4AMgA1ADcAMAA4AC4AMAAxACAAYgB1AGkAbAB0ACAAYgB5ADoAIABkAGwAYQBiAC0ARABEAFYAUwBPAFcASQBOAEEARwBFADAAMgAzAC4AIAAAAAAAOAAIAAEAQQBzAHMAZQBtAGIAbAB5ACAAVgBlAHIAcwBpAG8AbgAAADQALgAxAC4AMQAuADAAAAA=","PDBPresent","","v4.0.30319"
"System.Reflection.TypeExtensions, Version=4.1.3.0, Culture=neutral, PublicKeyToken=b03f5f7f11d50a3a","","1504834574","nAQ0AAAAVgBTAF8AVgBFAFIAUwBJAE8ATgBfAEkATgBGAE8AAAAAAL0E7/4AAAEABgAEAAEAbGQAAAAAAAAAAD8AAAAAAAAABAAAAAIAAAAAAAAAAAAAAAAAAABEAAAAAQBWAGEAcgBGAGkAbABlAEkAbgBmAG8AAAAAACQABAAAAFQAcgBhAG4AcwBsAGEAdABpAG8AbgAAAAAAAACwBPwDAAABAFMAdAByAGkAbgBnAEYAaQBsAGUASQBuAGYAbwAAANgDAAABADAAMAAwADAAMAA0AGIAMAAAAFoAIQABAEMAbwBtAG0AZQBuAHQAcwAAAFMAeQBzAHQAZQBtAC4AUgBlAGYAbABlAGMAdABpAG8AbgAuAFQAeQBwAGUARQB4AHQAZQBuAHMAaQBvAG4AcwAAAAAATAAWAAEAQwBvAG0AcABhAG4AeQBOAGEAbQBlAAAAAABNAGkAYwByAG8AcwBvAGYAdAAgAEMAbwByAHAAbwByAGEAdABpAG8AbgAAAGoAIQABAEYAaQBsAGUARABlAHMAYwByAGkAcAB0AGkAbwBuAAAAAABTAHkAcwB0AGUAbQAuAFIAZQBmAGwAZQBjAHQAaQBvAG4ALgBUAHkAcABlAEUAeAB0AGUAbgBzAGkAbwBuAHMAAAAAADoADQABAEYAaQBsAGUAVgBlAHIAcwBpAG8AbgAAAAAANAAuADYALgAyADUANwAwADgALgAwADEAAAAAAGoAJQABAEkAbgB0AGUAcgBuAGEAbABOAGEAbQBlAAAAUwB5AHMAdABlAG0ALgBSAGUAZgBsAGUAYwB0AGkAbwBuAC4AVAB5AHAAZQBFAHgAdABlAG4AcwBpAG8AbgBzAC4AZABsAGwAAAAAAIIALwABAEwAZQBnAGEAbABDAG8AcAB5AHIAaQBnAGgAdAAAAKkAIABNAGkAYwByAG8AcwBvAGYAdAAgAEMAbwByAHAAbwByAGEAdABpAG8AbgAuACAAIABBAGwAbAAgAHIAaQBnAGgAdABzACAAcgBlAHMAZQByAHYAZQBkAC4AAAAAAHIAJQABAE8AcgBpAGcAaQBuAGEAbABGAGkAbABlAG4AYQBtAGUAAABTAHkAcwB0AGUAbQAuAFIAZQBmAGwAZQBjAHQAaQBvAG4ALgBUAHkAcABlAEUAeAB0AGUAbgBzAGkAbwBuAHMALgBkAGwAbAAAAAAAVAAaAAEAUAByAG8AZAB1AGMAdABOAGEAbQBlAAAAAABNAGkAYwByAG8AcwBvAGYAdACuACAALgBOAEUAVAAgAEYAcgBhAG0AZQB3AG8AcgBrAAAAfgAtAAEAUAByAG8AZAB1AGMAdABWAGUAcgBzAGkAbwBuAAAANAAuADYALgAyADUANwAwADgALgAwADEAIABiAHUAaQBsAHQAIABiAHkAOgAgAGQAbABhAGIALQBEAEQAVgBTAE8AVwBJAE4AQQBHAEUAMAAyADMALgAgAAAAAAA4AAgAAQBBAHMAcwBlAG0AYgBsAHkAIABWAGUAcgBzAGkAbwBuAAAANAAuADEALgAzAC4AMAAAAA==","PDBPresent","","v4.0.30319"
"System.Runtime, Version=4.2.1.0, Culture=neutral, PublicKeyToken=b03f5f7f11d50a3a","","1504834573","DAQ0AAAAVgBTAF8AVgBFAFIAUwBJAE8ATgBfAEkATgBGAE8AAAAAAL0E7/4AAAEABgAEAAEAbGQAAAAAAAAAAD8AAAAAAAAABAAAAAIAAAAAAAAAAAAAAAAAAABEAAAAAQBWAGEAcgBGAGkAbABlAEkAbgBmAG8AAAAAACQABAAAAFQAcgBhAG4AcwBsAGEAdABpAG8AbgAAAAAAAACwBGwDAAABAFMAdAByAGkAbgBnAEYAaQBsAGUASQBuAGYAbwAAAEgDAAABADAAMAAwADAAMAA0AGIAMAAAADYADwABAEMAbwBtAG0AZQBuAHQAcwAAAFMAeQBzAHQAZQBtAC4AUgB1AG4AdABpAG0AZQAAAAAATAAWAAEAQwBvAG0AcABhAG4AeQBOAGEAbQBlAAAAAABNAGkAYwByAG8AcwBvAGYAdAAgAEMAbwByAHAAbwByAGEAdABpAG8AbgAAAEYADwABAEYAaQBsAGUARABlAHMAYwByAGkAcAB0AGkAbwBuAAAAAABTAHkAcwB0AGUAbQAuAFIAdQBuAHQAaQBtAGUAAAAAADoADQABAEYAaQBsAGUAVgBlAHIAcwBpAG8AbgAAAAAANAAuADYALgAyADUANwAwADgALgAwADEAAAAAAEYAEwABAEkAbgB0AGUAcgBuAGEAbABOAGEAbQBlAAAAUwB5AHMAdABlAG0ALgBSAHUAbgB0AGkAbQBlAC4AZABsAGwAAAAAAIIALwABAEwAZQBnAGEAbABDAG8AcAB5AHIAaQBnAGgAdAAAAKkAIABNAGkAYwByAG8AcwBvAGYAdAAgAEMAbwByAHAAbwByAGEAdABpAG8AbgAuACAAIABBAGwAbAAgAHIAaQBnAGgAdABzACAAcgBlAHMAZQByAHYAZQBkAC4AAAAAAE4AEwABAE8AcgBpAGcAaQBuAGEAbABGAGkAbABlAG4AYQBtAGUAAABTAHkAcwB0AGUAbQAuAFIAdQBuAHQAaQBtAGUALgBkAGwAbAAAAAAAVAAaAAEAUAByAG8AZAB1AGMAdABOAGEAbQBlAAAAAABNAGkAYwByAG8AcwBvAGYAdACuACAALgBOAEUAVAAgAEYAcgBhAG0AZQB3AG8AcgBrAAAAfgAtAAEAUAByAG8AZAB1AGMAdABWAGUAcgBzAGkAbwBuAAAANAAuADYALgAyADUANwAwADgALgAwADEAIABiAHUAaQBsAHQAIABiAHkAOgAgAGQAbABhAGIALQBEAEQAVgBTAE8AVwBJAE4AQQBHAEUAMAAyADMALgAgAAAAAAA4AAgAAQBBAHMAcwBlAG0AYgBsAHkAIABWAGUAcgBzAGkAbwBuAAAANAAuADIALgAxAC4AMAAAAA==","PDBPresent","","v4.0.30319"
"System.Runtime.Extensions, Version=4.2.1.0, Culture=neutral, PublicKeyToken=b03f5f7f11d50a3a","","1504834579","XAQ0AAAAVgBTAF8AVgBFAFIAUwBJAE8ATgBfAEkATgBGAE8AAAAAAL0E7/4AAAEABgAEAAEAbGQAAAAAAAAAAD8AAAAAAAAABAAAAAIAAAAAAAAAAAAAAAAAAABEAAAAAQBWAGEAcgBGAGkAbABlAEkAbgBmAG8AAAAAACQABAAAAFQAcgBhAG4AcwBsAGEAdABpAG8AbgAAAAAAAACwBLwDAAABAFMAdAByAGkAbgBnAEYAaQBsAGUASQBuAGYAbwAAAJgDAAABADAAMAAwADAAMAA0AGIAMAAAAEwAGgABAEMAbwBtAG0AZQBuAHQAcwAAAFMAeQBzAHQAZQBtAC4AUgB1AG4AdABpAG0AZQAuAEUAeAB0AGUAbgBzAGkAbwBuAHMAAABMABYAAQBDAG8AbQBwAGEAbgB5AE4AYQBtAGUAAAAAAE0AaQBjAHIAbwBzAG8AZgB0ACAAQwBvAHIAcABvAHIAYQB0AGkAbwBuAAAAXAAaAAEARgBpAGwAZQBEAGUAcwBjAHIAaQBwAHQAaQBvAG4AAAAAAFMAeQBzAHQAZQBtAC4AUgB1AG4AdABpAG0AZQAuAEUAeAB0AGUAbgBzAGkAbwBuAHMAAAA6AA0AAQBGAGkAbABlAFYAZQByAHMAaQBvAG4AAAAAADQALgA2AC4AMgA1ADcAMAA4AC4AMAAxAAAAAABcAB4AAQBJAG4AdABlAHIAbgBhAGwATgBhAG0AZQAAAFMAeQBzAHQAZQBtAC4AUgB1AG4AdABpAG0AZQAuAEUAeAB0AGUAbgBzAGkAbwBuAHMALgBkAGwAbAAAAIIALwABAEwAZQBnAGEAbABDAG8AcAB5AHIAaQBnAGgAdAAAAKkAIABNAGkAYwByAG8AcwBvAGYAdAAgAEMAbwByAHAAbwByAGEAdABpAG8AbgAuACAAIABBAGwAbAAgAHIAaQBnAGgAdABzACAAcgBlAHMAZQByAHYAZQBkAC4AAAAAAGQAHgABAE8AcgBpAGcAaQBuAGEAbABGAGkAbABlAG4AYQBtAGUAAABTAHkAcwB0AGUAbQAuAFIAdQBuAHQAaQBtAGUALgBFAHgAdABlAG4AcwBpAG8AbgBzAC4AZABsAGwAAABUABoAAQBQAHIAbwBkAHUAYwB0AE4AYQBtAGUAAAAAAE0AaQBjAHIAbwBzAG8AZgB0AK4AIAAuAE4ARQBUACAARgByAGEAbQBlAHcAbwByAGsAAAB+AC0AAQBQAHIAbwBkAHUAYwB0AFYAZQByAHMAaQBvAG4AAAA0AC4ANgAuADIANQA3ADAAOAAuADAAMQAgAGIAdQBpAGwAdAAgAGIAeQA6ACAAZABsAGEAYgAtAEQARABWAFMATwBXAEkATgBBAEcARQAwADIAMwAuACAAAAAAADgACAABAEEAcwBzAGUAbQBiAGwAeQAgAFYAZQByAHMAaQBvAG4AAAA0AC4AMgAuADEALgAwAAAA","PDBPresent","","v4.0.30319"
"System.Text.RegularExpressions, Version=4.2.1.0, Culture=neutral, PublicKeyToken=b03f5f7f11d50a3a","","1504834613","jAQ0AAAAVgBTAF8AVgBFAFIAUwBJAE8ATgBfAEkATgBGAE8AAAAAAL0E7/4AAAEABgAEAAEAbGQAAAAAAAAAAD8AAAAAAAAABAAAAAIAAAAAAAAAAAAAAAAAAABEAAAAAQBWAGEAcgBGAGkAbABlAEkAbgBmAG8AAAAAACQABAAAAFQAcgBhAG4AcwBsAGEAdABpAG8AbgAAAAAAAACwBOwDAAABAFMAdAByAGkAbgBnAEYAaQBsAGUASQBuAGYAbwAAAMgDAAABADAAMAAwADAAMAA0AGIAMAAAAFYAHwABAEMAbwBtAG0AZQBuAHQAcwAAAFMAeQBzAHQAZQBtAC4AVABlAHgAdAAuAFIAZQBnAHUAbABhAHIARQB4AHAAcgBlAHMAcwBpAG8AbgBzAAAAAABMABYAAQBDAG8AbQBwAGEAbgB5AE4AYQBtAGUAAAAAAE0AaQBjAHIAbwBzAG8AZgB0ACAAQwBvAHIAcABvAHIAYQB0AGkAbwBuAAAAZgAfAAEARgBpAGwAZQBEAGUAcwBjAHIAaQBwAHQAaQBvAG4AAAAAAFMAeQBzAHQAZQBtAC4AVABlAHgAdAAuAFIAZQBnAHUAbABhAHIARQB4AHAAcgBlAHMAcwBpAG8AbgBzAAAAAAA6AA0AAQBGAGkAbABlAFYAZQByAHMAaQBvAG4AAAAAADQALgA2AC4AMgA1ADcAMAA4AC4AMAAxAAAAAABmACMAAQBJAG4AdABlAHIAbgBhAGwATgBhAG0AZQAAAFMAeQBzAHQAZQBtAC4AVABlAHgAdAAuAFIAZQBnAHUAbABhAHIARQB4AHAAcgBlAHMAcwBpAG8AbgBzAC4AZABsAGwAAAAAAIIALwABAEwAZQBnAGEAbABDAG8AcAB5AHIAaQBnAGgAdAAAAKkAIABNAGkAYwByAG8AcwBvAGYAdAAgAEMAbwByAHAAbwByAGEAdABpAG8AbgAuACAAIABBAGwAbAAgAHIAaQBnAGgAdABzACAAcgBlAHMAZQByAHYAZQBkAC4AAAAAAG4AIwABAE8AcgBpAGcAaQBuAGEAbABGAGkAbABlAG4AYQBtAGUAAABTAHkAcwB0AGUAbQAuAFQAZQB4AHQALgBSAGUAZwB1AGwAYQByAEUAeABwAHIAZQBzAHMAaQBvAG4AcwAuAGQAbABsAAAAAABUABoAAQBQAHIAbwBkAHUAYwB0AE4AYQBtAGUAAAAAAE0AaQBjAHIAbwBzAG8AZgB0AK4AIAAuAE4ARQBUACAARgByAGEAbQBlAHcAbwByAGsAAAB+AC0AAQBQAHIAbwBkAHUAYwB0AFYAZQByAHMAaQBvAG4AAAA0AC4ANgAuADIANQA3ADAAOAAuADAAMQAgAGIAdQBpAGwAdAAgAGIAeQA6ACAAZABsAGEAYgAtAEQARABWAFMATwBXAEkATgBBAEcARQAwADIAMwAuACAAAAAAADgACAABAEEAcwBzAGUAbQBiAGwAeQAgAFYAZQByAHMAaQBvAG4AAAA0AC4AMgAuADEALgAwAAAA","PDBPresent","","v4.0.30319"
"System.Security.Principal, Version=4.1.1.0, Culture=neutral, PublicKeyToken=b03f5f7f11d50a3a","","1504834568","XAQ0AAAAVgBTAF8AVgBFAFIAUwBJAE8ATgBfAEkATgBGAE8AAAAAAL0E7/4AAAEABgAEAAEAbGQAAAAAAAAAAD8AAAAAAAAABAAAAAIAAAAAAAAAAAAAAAAAAABEAAAAAQBWAGEAcgBGAGkAbABlAEkAbgBmAG8AAAAAACQABAAAAFQAcgBhAG4AcwBsAGEAdABpAG8AbgAAAAAAAACwBLwDAAABAFMAdAByAGkAbgBnAEYAaQBsAGUASQBuAGYAbwAAAJgDAAABADAAMAAwADAAMAA0AGIAMAAAAEwAGgABAEMAbwBtAG0AZQBuAHQAcwAAAFMAeQBzAHQAZQBtAC4AUwBlAGMAdQByAGkAdAB5AC4AUAByAGkAbgBjAGkAcABhAGwAAABMABYAAQBDAG8AbQBwAGEAbgB5AE4AYQBtAGUAAAAAAE0AaQBjAHIAbwBzAG8AZgB0ACAAQwBvAHIAcABvAHIAYQB0AGkAbwBuAAAAXAAaAAEARgBpAGwAZQBEAGUAcwBjAHIAaQBwAHQAaQBvAG4AAAAAAFMAeQBzAHQAZQBtAC4AUwBlAGMAdQByAGkAdAB5AC4AUAByAGkAbgBjAGkAcABhAGwAAAA6AA0AAQBGAGkAbABlAFYAZQByAHMAaQBvAG4AAAAAADQALgA2AC4AMgA1ADcAMAA4AC4AMAAxAAAAAABcAB4AAQBJAG4AdABlAHIAbgBhAGwATgBhAG0AZQAAAFMAeQBzAHQAZQBtAC4AUwBlAGMAdQByAGkAdAB5AC4AUAByAGkAbgBjAGkAcABhAGwALgBkAGwAbAAAAIIALwABAEwAZQBnAGEAbABDAG8AcAB5AHIAaQBnAGgAdAAAAKkAIABNAGkAYwByAG8AcwBvAGYAdAAgAEMAbwByAHAAbwByAGEAdABpAG8AbgAuACAAIABBAGwAbAAgAHIAaQBnAGgAdABzACAAcgBlAHMAZQByAHYAZQBkAC4AAAAAAGQAHgABAE8AcgBpAGcAaQBuAGEAbABGAGkAbABlAG4AYQBtAGUAAABTAHkAcwB0AGUAbQAuAFMAZQBjAHUAcgBpAHQAeQAuAFAAcgBpAG4AYwBpAHAAYQBsAC4AZABsAGwAAABUABoAAQBQAHIAbwBkAHUAYwB0AE4AYQBtAGUAAAAAAE0AaQBjAHIAbwBzAG8AZgB0AK4AIAAuAE4ARQBUACAARgByAGEAbQBlAHcAbwByAGsAAAB+AC0AAQBQAHIAbwBkAHUAYwB0AFYAZQByAHMAaQBvAG4AAAA0AC4ANgAuADIANQA3ADAAOAAuADAAMQAgAGIAdQBpAGwAdAAgAGIAeQA6ACAAZABsAGEAYgAtAEQARABWAFMATwBXAEkATgBBAEcARQAwADIAMwAuACAAAAAAADgACAABAEEAcwBzAGUAbQBiAGwAeQAgAFYAZQByAHMAaQBvAG4AAAA0AC4AMQAuADEALgAwAAAA","PDBPresent","","v4.0.30319"
"System.Private.SharedLibrary.Generated, Version=1.0.0.0, Culture=neutral, PublicKeyToken=null","","1504898094","AAA=","PDBNotPresent","","v4.0.30319"
"System.Private.CoreLib, Version=4.0.0.0, Culture=neutral, PublicKeyToken=b03f5f7f11d50a3a","","1504894027","XAQ0AAAAVgBTAF8AVgBFAFIAUwBJAE8ATgBfAEkATgBGAE8AAAAAAL0E7/4AAAEABgAEAAAAFmQAAAAAAAAAAD8AAAAAAAAABAAAAAIAAAAAAAAAAAAAAAAAAABEAAAAAQBWAGEAcgBGAGkAbABlAEkAbgBmAG8AAAAAACQABAAAAFQAcgBhAG4AcwBsAGEAdABpAG8AbgAAAAAAAACwBLwDAAABAFMAdAByAGkAbgBnAEYAaQBsAGUASQBuAGYAbwAAAJgDAAABADAAMAAwADAAMAA0AGIAMAAAAEYAFwABAEMAbwBtAG0AZQBuAHQAcwAAAFMAeQBzAHQAZQBtAC4AUAByAGkAdgBhAHQAZQAuAEMAbwByAGUATABpAGIAAAAAAEwAFgABAEMAbwBtAHAAYQBuAHkATgBhAG0AZQAAAAAATQBpAGMAcgBvAHMAbwBmAHQAIABDAG8AcgBwAG8AcgBhAHQAaQBvAG4AAABWABcAAQBGAGkAbABlAEQAZQBzAGMAcgBpAHAAdABpAG8AbgAAAAAAUwB5AHMAdABlAG0ALgBQAHIAaQB2AGEAdABlAC4AQwBvAHIAZQBMAGkAYgAAAAAAOAAMAAEARgBpAGwAZQBWAGUAcgBzAGkAbwBuAAAAAAA0AC4ANgAuADIANQA2ADIAMgAuADAAAABWABsAAQBJAG4AdABlAHIAbgBhAGwATgBhAG0AZQAAAFMAeQBzAHQAZQBtAC4AUAByAGkAdgBhAHQAZQAuAEMAbwByAGUATABpAGIALgBkAGwAbAAAAAAAggAvAAEATABlAGcAYQBsAEMAbwBwAHkAcgBpAGcAaAB0AAAAqQAgAE0AaQBjAHIAbwBzAG8AZgB0ACAAQwBvAHIAcABvAHIAYQB0AGkAbwBuAC4AIAAgAEEAbABsACAAcgBpAGcAaAB0AHMAIAByAGUAcwBlAHIAdgBlAGQALgAAAAAAXgAbAAEATwByAGkAZwBpAG4AYQBsAEYAaQBsAGUAbgBhAG0AZQAAAFMAeQBzAHQAZQBtAC4AUAByAGkAdgBhAHQAZQAuAEMAbwByAGUATABpAGIALgBkAGwAbAAAAAAAVAAaAAEAUAByAG8AZAB1AGMAdABOAGEAbQBlAAAAAABNAGkAYwByAG8AcwBvAGYAdACuACAALgBOAEUAVAAgAEYAcgBhAG0AZQB3AG8AcgBrAAAAkgA3AAEAUAByAG8AZAB1AGMAdABWAGUAcgBzAGkAbwBuAAAANAAuADYALgAyADUANgAyADIALgAwACAAYgB1AGkAbAB0ACAAYgB5ADoAIABkAGwAYQBiAC0ARABEAEIATABEADIAOQA2AEkALgAgAEMAbwBtAG0AaQB0ACAASABhAHMAaAA6ACAATgAvAEEAAAAAADgACAABAEEAcwBzAGUAbQBiAGwAeQAgAFYAZQByAHMAaQBvAG4AAAA0AC4AMAAuADAALgAwAAAA","PDBPresent","","v4.0.30319"
"System.Private.SharedLibrary.Interop.Generated, Version=0.0.0.0, Culture=neutral, PublicKeyToken=null","","1504898106","5AI0AAAAVgBTAF8AVgBFAFIAUwBJAE8ATgBfAEkATgBGAE8AAAAAAL0E7/4AAAEAAAAAAAAAAAAAAAAAAAAAAD8AAAAAAAAABAAAAAIAAAAAAAAAAAAAAAAAAABEAAAAAQBWAGEAcgBGAGkAbABlAEkAbgBmAG8AAAAAACQABAAAAFQAcgBhAG4AcwBsAGEAdABpAG8AbgAAAAAAAACwBEQCAAABAFMAdAByAGkAbgBnAEYAaQBsAGUASQBuAGYAbwAAACACAAABADAAMAAwADAAMAA0AGIAMAAAACwAAgABAEYAaQBsAGUARABlAHMAYwByAGkAcAB0AGkAbwBuAAAAAAAgAAAAMAAIAAEARgBpAGwAZQBWAGUAcgBzAGkAbwBuAAAAAAAwAC4AMAAuADAALgAwAAAAhgAzAAEASQBuAHQAZQByAG4AYQBsAE4AYQBtAGUAAABTAHkAcwB0AGUAbQAuAFAAcgBpAHYAYQB0AGUALgBTAGgAYQByAGUAZABMAGkAYgByAGEAcgB5AC4ASQBuAHQAZQByAG8AcAAuAEcAZQBuAGUAcgBhAHQAZQBkAC4AZABsAGwAAAAAACgAAgABAEwAZQBnAGEAbABDAG8AcAB5AHIAaQBnAGgAdAAAACAAAACOADMAAQBPAHIAaQBnAGkAbgBhAGwARgBpAGwAZQBuAGEAbQBlAAAAUwB5AHMAdABlAG0ALgBQAHIAaQB2AGEAdABlAC4AUwBoAGEAcgBlAGQATABpAGIAcgBhAHIAeQAuAEkAbgB0AGUAcgBvAHAALgBHAGUAbgBlAHIAYQB0AGUAZAAuAGQAbABsAAAAAAA0AAgAAQBQAHIAbwBkAHUAYwB0AFYAZQByAHMAaQBvAG4AAAAwAC4AMAAuADAALgAwAAAAOAAIAAEAQQBzAHMAZQBtAGIAbAB5ACAAVgBlAHIAcwBpAG8AbgAAADAALgAwAC4AMAAuADAAAAA=","PDBPresent","","v4.0.30319"
"WebCamApp, Version=1.0.0.0, Culture=neutral, PublicKeyToken=null","","1527493440","HAM0AAAAVgBTAF8AVgBFAFIAUwBJAE8ATgBfAEkATgBGAE8AAAAAAL0E7/4AAAEAAAABAAAAAAAAAAEAAAAAAD8AAAAAAAAABAAAAAEAAAAAAAAAAAAAAAAAAABEAAAAAQBWAGEAcgBGAGkAbABlAEkAbgBmAG8AAAAAACQABAAAAFQAcgBhAG4AcwBsAGEAdABpAG8AbgAAAAAAAACwBHwCAAABAFMAdAByAGkAbgBnAEYAaQBsAGUASQBuAGYAbwAAAFgCAAABADAAMAAwADAAMAA0AGIAMAAAABoAAQABAEMAbwBtAG0AZQBuAHQAcwAAAAAAAAAiAAEAAQBDAG8AbQBwAGEAbgB5AE4AYQBtAGUAAAAAAAAAAAA8AAoAAQBGAGkAbABlAEQAZQBzAGMAcgBpAHAAdABpAG8AbgAAAAAAVwBlAGIAQwBhAG0AQQBwAHAAAAAwAAgAAQBGAGkAbABlAFYAZQByAHMAaQBvAG4AAAAAADEALgAwAC4AMAAuADAAAAA8AA4AAQBJAG4AdABlAHIAbgBhAGwATgBhAG0AZQAAAFcAZQBiAEMAYQBtAEEAcABwAC4AZQB4AGUAAABIABIAAQBMAGUAZwBhAGwAQwBvAHAAeQByAGkAZwBoAHQAAABDAG8AcAB5AHIAaQBnAGgAdAAgAKkAIAAgADIAMAAxADgAAAAqAAEAAQBMAGUAZwBhAGwAVAByAGEAZABlAG0AYQByAGsAcwAAAAAAAAAAAEQADgABAE8AcgBpAGcAaQBuAGEAbABGAGkAbABlAG4AYQBtAGUAAABXAGUAYgBDAGEAbQBBAHAAcAAuAGUAeABlAAAANAAKAAEAUAByAG8AZAB1AGMAdABOAGEAbQBlAAAAAABXAGUAYgBDAGEAbQBBAHAAcAAAADQACAABAFAAcgBvAGQAdQBjAHQAVgBlAHIAcwBpAG8AbgAAADEALgAwAC4AMAAuADAAAAA4AAgAAQBBAHMAcwBlAG0AYgBsAHkAIABWAGUAcgBzAGkAbwBuAAAAMQAuADAALgAwAC4AMAAAAA==","PDBPresent","","v4.0.30319"
"System.Private.DeveloperExperience.AppX, Version=4.0.0.0, Culture=neutral, PublicKeyToken=b03f5f7f11d50a3a","","1510894915","HAQ0AAAAVgBTAF8AVgBFAFIAUwBJAE8ATgBfAEkATgBGAE8AAAAAAL0E7/4AAAEABgAEAAAAAAAGAAQAAAAAAD8AAAAAAAAABAAAAAIAAAAAAAAAAAAAAAAAAAB8AwAAAQBTAHQAcgBpAG4AZwBGAGkAbABlAEkAbgBmAG8AAABYAwAAAQAwADQAMAA5ADAANABFADQAAABMABYAAQBDAG8AbQBwAGEAbgB5AE4AYQBtAGUAAAAAAE0AaQBjAHIAbwBzAG8AZgB0ACAAQwBvAHIAcABvAHIAYQB0AGkAbwBuAAAAeAAoAAEARgBpAGwAZQBEAGUAcwBjAHIAaQBwAHQAaQBvAG4AAAAAAFMAeQBzAHQAZQBtAC4AUAByAGkAdgBhAHQAZQAuAEQAZQB2AGUAbABvAHAAZQByAEUAeABwAGUAcgBpAGUAbgBjAGUALgBBAHAAcABYAAAAXAAeAAEARgBpAGwAZQBWAGUAcgBzAGkAbwBuAAAAAAA0AC4ANgAuADAALgAwACAAYgB1AGkAbAB0ACAAYgB5ADoAIABQAFIATwBKAEUAQwBUAE4AUgBFAEwAAABwACgAAQBJAG4AdABlAHIAbgBhAGwATgBhAG0AZQAAAFMAeQBzAHQAZQBtAC4AUAByAGkAdgBhAHQAZQAuAEQAZQB2AGUAbABvAHAAZQByAEUAeABwAGUAcgBpAGUAbgBjAGUALgBBAHAAcABYAAAAggAvAAEATABlAGcAYQBsAEMAbwBwAHkAcgBpAGcAaAB0AAAAqQAgAE0AaQBjAHIAbwBzAG8AZgB0ACAAQwBvAHIAcABvAHIAYQB0AGkAbwBuAC4AIAAgAEEAbABsACAAcgBpAGcAaAB0AHMAIAByAGUAcwBlAHIAdgBlAGQALgAAAAAAeAAoAAEATwByAGkAZwBpAG4AYQBsAEYAaQBsAGUAbgBhAG0AZQAAAFMAeQBzAHQAZQBtAC4AUAByAGkAdgBhAHQAZQAuAEQAZQB2AGUAbABvAHAAZQByAEUAeABwAGUAcgBpAGUAbgBjAGUALgBBAHAAcABYAAAAVAAaAAEAUAByAG8AZAB1AGMAdABOAGEAbQBlAAAAAABNAGkAYwByAG8AcwBvAGYAdACuACAALgBOAEUAVAAgAEYAcgBhAG0AZQB3AG8AcgBrAAAAYAAeAAEAUAByAG8AZAB1AGMAdABWAGUAcgBzAGkAbwBuAAAANAAuADYALgAwAC4AMAAgAGIAdQBpAGwAdAAgAGIAeQA6ACAAUABSAE8ASgBFAEMAVABOAFIARQBMAAAARAAAAAEAVgBhAHIARgBpAGwAZQBJAG4AZgBvAAAAAAAkAAQAAABUAHIAYQBuAHMAbABhAHQAaQBvAG4AAAAAAAkE5AQ=","PDBPresent","","v4.0.30319"
"System.Private.WinRTInterop.CoreLib, Version=4.0.0.0, Culture=neutral, PublicKeyToken=b77a5c561934e089","","1510894911","HAQ0AAAAVgBTAF8AVgBFAFIAUwBJAE8ATgBfAEkATgBGAE8AAAAAAL0E7/4AAAEABgAEAAAAPGUGAAQAAAA8ZT8AAAAAAAAABAAAAAIAAAAAAAAAAAAAAAAAAAB6AwAAAQBTAHQAcgBpAG4AZwBGAGkAbABlAEkAbgBmAG8AAABWAwAAAQAwADQAMAA5ADAANABFADQAAABMABYAAQBDAG8AbQBwAGEAbgB5AE4AYQBtAGUAAAAAAE0AaQBjAHIAbwBzAG8AZgB0ACAAQwBvAHIAcABvAHIAYQB0AGkAbwBuAAAAcAAkAAEARgBpAGwAZQBEAGUAcwBjAHIAaQBwAHQAaQBvAG4AAAAAAFMAeQBzAHQAZQBtAC4AUAByAGkAdgBhAHQAZQAuAFcAaQBuAFIAVABJAG4AdABlAHIAbwBwAC4AQwBvAHIAZQBMAGkAYgAAAGYAIwABAEYAaQBsAGUAVgBlAHIAcwBpAG8AbgAAAAAANAAuADYALgAyADUAOQAxADYALgAwADAAIABiAHUAaQBsAHQAIABiAHkAOgAgAFAAUgBPAEoARQBDAFQATgBSAEUATAAAAAAAaAAkAAEASQBuAHQAZQByAG4AYQBsAE4AYQBtAGUAAABTAHkAcwB0AGUAbQAuAFAAcgBpAHYAYQB0AGUALgBXAGkAbgBSAFQASQBuAHQAZQByAG8AcAAuAEMAbwByAGUATABpAGIAAACCAC8AAQBMAGUAZwBhAGwAQwBvAHAAeQByAGkAZwBoAHQAAACpACAATQBpAGMAcgBvAHMAbwBmAHQAIABDAG8AcgBwAG8AcgBhAHQAaQBvAG4ALgAgACAAQQBsAGwAIAByAGkAZwBoAHQAcwAgAHIAZQBzAGUAcgB2AGUAZAAuAAAAAABwACQAAQBPAHIAaQBnAGkAbgBhAGwARgBpAGwAZQBuAGEAbQBlAAAAUwB5AHMAdABlAG0ALgBQAHIAaQB2AGEAdABlAC4AVwBpAG4AUgBUAEkAbgB0AGUAcgBvAHAALgBDAG8AcgBlAEwAaQBiAAAAVAAaAAEAUAByAG8AZAB1AGMAdABOAGEAbQBlAAAAAABNAGkAYwByAG8AcwBvAGYAdACuACAALgBOAEUAVAAgAEYAcgBhAG0AZQB3AG8AcgBrAAAAagAjAAEAUAByAG8AZAB1AGMAdABWAGUAcgBzAGkAbwBuAAAANAAuADYALgAyADUAOQAxADYALgAwADAAIABiAHUAaQBsAHQAIABiAHkAOgAgAFAAUgBPAEoARQBDAFQATgBSAEUATAAAAAAARAAAAAEAVgBhAHIARgBpAGwAZQBJAG4AZgBvAAAAAAAkAAQAAABUAHIAYQBuAHMAbABhAHQAaQBvAG4AAAAAAAkE5AQ=","PDBPresent","","v4.0.30319"
"System.Text.Encoding.CodePages, Version=4.1.1.0, Culture=neutral, PublicKeyToken=b03f5f7f11d50a3a","","1506805507","jAQ0AAAAVgBTAF8AVgBFAFIAUwBJAE8ATgBfAEkATgBGAE8AAAAAAL0E7/4AAAEABgAEAAMAgmQAAAAAAAAAAD8AAAAAAAAABAAAAAIAAAAAAAAAAAAAAAAAAABEAAAAAQBWAGEAcgBGAGkAbABlAEkAbgBmAG8AAAAAACQABAAAAFQAcgBhAG4AcwBsAGEAdABpAG8AbgAAAAAAAACwBOwDAAABAFMAdAByAGkAbgBnAEYAaQBsAGUASQBuAGYAbwAAAMgDAAABADAAMAAwADAAMAA0AGIAMAAAAFYAHwABAEMAbwBtAG0AZQBuAHQAcwAAAFMAeQBzAHQAZQBtAC4AVABlAHgAdAAuAEUAbgBjAG8AZABpAG4AZwAuAEMAbwBkAGUAUABhAGcAZQBzAAAAAABMABYAAQBDAG8AbQBwAGEAbgB5AE4AYQBtAGUAAAAAAE0AaQBjAHIAbwBzAG8AZgB0ACAAQwBvAHIAcABvAHIAYQB0AGkAbwBuAAAAZgAfAAEARgBpAGwAZQBEAGUAcwBjAHIAaQBwAHQAaQBvAG4AAAAAAFMAeQBzAHQAZQBtAC4AVABlAHgAdAAuAEUAbgBjAG8AZABpAG4AZwAuAEMAbwBkAGUAUABhAGcAZQBzAAAAAAA6AA0AAQBGAGkAbABlAFYAZQByAHMAaQBvAG4AAAAAADQALgA2AC4AMgA1ADcAMwAwAC4AMAAzAAAAAABmACMAAQBJAG4AdABlAHIAbgBhAGwATgBhAG0AZQAAAFMAeQBzAHQAZQBtAC4AVABlAHgAdAAuAEUAbgBjAG8AZABpAG4AZwAuAEMAbwBkAGUAUABhAGcAZQBzAC4AZABsAGwAAAAAAIIALwABAEwAZQBnAGEAbABDAG8AcAB5AHIAaQBnAGgAdAAAAKkAIABNAGkAYwByAG8AcwBvAGYAdAAgAEMAbwByAHAAbwByAGEAdABpAG8AbgAuACAAIABBAGwAbAAgAHIAaQBnAGgAdABzACAAcgBlAHMAZQByAHYAZQBkAC4AAAAAAG4AIwABAE8AcgBpAGcAaQBuAGEAbABGAGkAbABlAG4AYQBtAGUAAABTAHkAcwB0AGUAbQAuAFQAZQB4AHQALgBFAG4AYwBvAGQAaQBuAGcALgBDAG8AZABlAFAAYQBnAGUAcwAuAGQAbABsAAAAAABUABoAAQBQAHIAbwBkAHUAYwB0AE4AYQBtAGUAAAAAAE0AaQBjAHIAbwBzAG8AZgB0AK4AIAAuAE4ARQBUACAARgByAGEAbQBlAHcAbwByAGsAAAB+AC0AAQBQAHIAbwBkAHUAYwB0AFYAZQByAHMAaQBvAG4AAAA0AC4ANgAuADIANQA3ADMAMAAuADAAMwAgAGIAdQBpAGwAdAAgAGIAeQA6ACAAZABsAGEAYgAtAEQARABWAFMATwBXAEkATgBBAEcARQAwADQANAAuACAAAAAAADgACAABAEEAcwBzAGUAbQBiAGwAeQAgAFYAZQByAHMAaQBvAG4AAAA0AC4AMQAuADEALgAwAAAA","PDBNotPresent","","v4.0.30319"
"System.Private.WebCamApp.Generated, Version=1.0.0.0, Culture=neutral, PublicKeyToken=null","","1527493445","AAA=","PDBNotPresent","","v4.0.30319"
"FontAwesome.UWP, Version=4.7.0.37882, Culture=neutral, PublicKeyToken=0758b07a11a4f466","","1483646566","6AM0AAAAVgBTAF8AVgBFAFIAUwBJAE8ATgBfAEkATgBGAE8AAAAAAL0E7/4AAAEABwAEAAkAAAAHAAQACQAAAD8AAAAAAAAABAAAAAIAAAAAAAAAAAAAAAAAAABEAAAAAQBWAGEAcgBGAGkAbABlAEkAbgBmAG8AAAAAACQABAAAAFQAcgBhAG4AcwBsAGEAdABpAG8AbgAAAAAAAACwBEgDAAABAFMAdAByAGkAbgBnAEYAaQBsAGUASQBuAGYAbwAAACQDAAABADAAMAAwADAAMAA0AGIAMAAAAJgAQAABAEMAbwBtAG0AZQBuAHQAcwAAAFUAVwBQACAAYwBvAG0AcABvAG4AZQBuAHQAcwAgAGYAbwByACAAdABoAGUAIABpAGMAbwBuAGkAYwAgAGYAbwBuAHQAIABhAG4AZAAgAEMAUwBTACAAdABvAG8AbABrAGkAdAAgAEYAbwBuAHQALQBBAHcAZQBzAG8AbQBlAAAALgAHAAEAQwBvAG0AcABhAG4AeQBOAGEAbQBlAAAAAABjAGgAYQByAHIAaQAAAAAASgARAAEARgBpAGwAZQBEAGUAcwBjAHIAaQBwAHQAaQBvAG4AAAAAAEYAbwBuAHQAIABBAHcAZQBzAG8AbQBlACAAVQBXAFAAAAAAADAACAABAEYAaQBsAGUAVgBlAHIAcwBpAG8AbgAAAAAANAAuADcALgAwAC4AOQAAAEgAFAABAEkAbgB0AGUAcgBuAGEAbABOAGEAbQBlAAAARgBvAG4AdABBAHcAZQBzAG8AbQBlAC4AVQBXAFAALgBkAGwAbAAAAFAAFgABAEwAZQBnAGEAbABDAG8AcAB5AHIAaQBnAGgAdAAAAEMAbwBwAHkAcgBpAGcAaAB0ACAAqQAgADIAMAAxADUALQAyADAAMQA3AAAAKgABAAEATABlAGcAYQBsAFQAcgBhAGQAZQBtAGEAcgBrAHMAAAAAAAAAAABQABQAAQBPAHIAaQBnAGkAbgBhAGwARgBpAGwAZQBuAGEAbQBlAAAARgBvAG4AdABBAHcAZQBzAG8AbQBlAC4AVQBXAFAALgBkAGwAbAAAAEAAEAABAFAAcgBvAGQAdQBjAHQATgBhAG0AZQAAAAAARgBvAG4AdABBAHcAZQBzAG8AbQBlAC4AVQBXAFAAAAA0AAgAAQBQAHIAbwBkAHUAYwB0AFYAZQByAHMAaQBvAG4AAAA0AC4ANwAuADAALgA5AAAAQAAMAAEAQQBzAHMAZQBtAGIAbAB5ACAAVgBlAHIAcwBpAG8AbgAAADQALgA3AC4AMAAuADMANwA4ADgAMgAAAA==","PDBNotPresent","","v4.0.30319"
"Microsoft.WindowsAzure.Storage, Version=9.1.1.0, Culture=neutral, PublicKeyToken=31bf3856ad364e35","","1522862365","uAQ0AAAAVgBTAF8AVgBFAFIAUwBJAE8ATgBfAEkATgBGAE8AAAAAAL0E7/4AAAEAAQAJAAAAAQABAAkAAAABAD8AAAAAAAAABAAAAAIAAAAAAAAAAAAAAAAAAABEAAAAAQBWAGEAcgBGAGkAbABlAEkAbgBmAG8AAAAAACQABAAAAFQAcgBhAG4AcwBsAGEAdABpAG8AbgAAAAAAAACwBBgEAAABAFMAdAByAGkAbgBnAEYAaQBsAGUASQBuAGYAbwAAAPQDAAABADAAMAAwADAAMAA0AGIAMAAAAGQAJgABAEMAbwBtAG0AZQBuAHQAcwAAAEEAegB1AHIAZQAgAFMAdABvAHIAYQBnAGUAIABTAEQASwAgAGYAbwByACAAVwBpAG4AZABvAHcAcwAgAFIAdQBuAHQAaQBtAGUAAAA0AAoAAQBDAG8AbQBwAGEAbgB5AE4AYQBtAGUAAAAAAE0AaQBjAHIAbwBzAG8AZgB0AAAAdAAlAAEARgBpAGwAZQBEAGUAcwBjAHIAaQBwAHQAaQBvAG4AAAAAAE0AaQBjAHIAbwBzAG8AZgB0AC4AVwBpAG4AZABvAHcAcwBBAHoAdQByAGUALgBTAHQAbwByAGEAZwBlAC4AVwBpAG4ATQBEAAAAAAAwAAgAAQBGAGkAbABlAFYAZQByAHMAaQBvAG4AAAAAADkALgAxAC4AMQAuADAAAABoACMAAQBJAG4AdABlAHIAbgBhAGwATgBhAG0AZQAAAE0AaQBjAHIAbwBzAG8AZgB0AC4AVwBpAG4AZABvAHcAcwBBAHoAdQByAGUALgBTAHQAbwByAGEAZwBlAC4AZABsAGwAAAAAAGgAIQABAEwAZQBnAGEAbABDAG8AcAB5AHIAaQBnAGgAdAAAAEMAbwBwAHkAcgBpAGcAaAB0ACAAqQAgADIAMAAxADMAIABNAGkAYwByAG8AcwBvAGYAdAAgAEMAbwByAHAALgAAAAAAqABAAAEATABlAGcAYQBsAFQAcgBhAGQAZQBtAGEAcgBrAHMAAAAAAE0AaQBjAHIAbwBzAG8AZgB0ACAArgAgAGkAcwAgAGEAIAByAGUAZwBpAHMAdABlAHIAZQBkACAAdAByAGEAZABlAG0AYQByAGsAIABvAGYAIABNAGkAYwByAG8AcwBvAGYAdAAgAEMAbwByAHAAbwByAGEAdABpAG8AbgAuAAAAcAAjAAEATwByAGkAZwBpAG4AYQBsAEYAaQBsAGUAbgBhAG0AZQAAAE0AaQBjAHIAbwBzAG8AZgB0AC4AVwBpAG4AZABvAHcAcwBBAHoAdQByAGUALgBTAHQAbwByAGEAZwBlAC4AZABsAGwAAAAAAEwAFgABAFAAcgBvAGQAdQBjAHQATgBhAG0AZQAAAAAAVwBpAG4AZABvAHcAcwAgAEEAegB1AHIAZQAgAFMAdABvAHIAYQBnAGUAAAA0AAgAAQBQAHIAbwBkAHUAYwB0AFYAZQByAHMAaQBvAG4AAAA5AC4AMQAuADEALgAwAAAAOAAIAAEAQQBzAHMAZQBtAGIAbAB5ACAAVgBlAHIAcwBpAG8AbgAAADkALgAxAC4AMQAuADAAAAA=","PDBPresent","","v4.0.30319"
"Newtonsoft.Json, Version=10.0.0.0, Culture=neutral, PublicKeyToken=30ad4fe6b2a6aeed","","3004282814","JgQ0AAAAVgBTAF8AVgBFAFIAUwBJAE8ATgBfAEkATgBGAE8AAAAAAL0E7/4AAAEAAAAKAEJRAgAAAAoAQlECAD8AAAAAAAAABAAAAAIAAAAAAAAAAAAAAAAAAABEAAAAAQBWAGEAcgBGAGkAbABlAEkAbgBmAG8AAAAAACQABAAAAFQAcgBhAG4AcwBsAGEAdABpAG8AbgAAAAAAAACwBIYDAAABAFMAdAByAGkAbgBnAEYAaQBsAGUASQBuAGYAbwAAAGIDAAABADAAMAAwADAAMAA0AGIAMAAAAJYAPwABAEMAbwBtAG0AZQBuAHQAcwAAAEoAcwBvAG4ALgBOAEUAVAAgAGkAcwAgAGEAIABwAG8AcAB1AGwAYQByACAAaABpAGcAaAAtAHAAZQByAGYAbwByAG0AYQBuAGMAZQAgAEoAUwBPAE4AIABmAHIAYQBtAGUAdwBvAHIAawAgAGYAbwByACAALgBOAEUAVAAAAAAANgALAAEAQwBvAG0AcABhAG4AeQBOAGEAbQBlAAAAAABOAGUAdwB0AG8AbgBzAG8AZgB0AAAAAABeABsAAQBGAGkAbABlAEQAZQBzAGMAcgBpAHAAdABpAG8AbgAAAAAASgBzAG8AbgAuAE4ARQBUACAALgBOAEUAVAAgAFMAdABhAG4AZABhAHIAZAAgADEALgAzAAAAAAA6AA0AAQBGAGkAbABlAFYAZQByAHMAaQBvAG4AAAAAADEAMAAuADAALgAyAC4AMgAwADgAMAAyAAAAAABIABQAAQBJAG4AdABlAHIAbgBhAGwATgBhAG0AZQAAAE4AZQB3AHQAbwBuAHMAbwBmAHQALgBKAHMAbwBuAC4AZABsAGwAAABqACMAAQBMAGUAZwBhAGwAQwBvAHAAeQByAGkAZwBoAHQAAABDAG8AcAB5AHIAaQBnAGgAdAAgAKkAIABKAGEAbQBlAHMAIABOAGUAdwB0AG8AbgAtAEsAaQBuAGcAIAAyADAAMAA4AAAAAAAqAAEAAQBMAGUAZwBhAGwAVAByAGEAZABlAG0AYQByAGsAcwAAAAAAAAAAAFAAFAABAE8AcgBpAGcAaQBuAGEAbABGAGkAbABlAG4AYQBtAGUAAABOAGUAdwB0AG8AbgBzAG8AZgB0AC4ASgBzAG8AbgAuAGQAbABsAAAAMgAJAAEAUAByAG8AZAB1AGMAdABOAGEAbQBlAAAAAABKAHMAbwBuAC4ATgBFAFQAAAAAAD4ADQABAFAAcgBvAGQAdQBjAHQAVgBlAHIAcwBpAG8AbgAAADEAMAAuADAALgAyAC4AMgAwADgAMAAyAAAAAAA6AAkAAQBBAHMAcwBlAG0AYgBsAHkAIABWAGUAcgBzAGkAbwBuAAAAMQAwAC4AMAAuADAALgAwAAAA","PDBNotPresent","","v4.0.30319"
"WriteableBitmapEx.WinRT, Version=1.5.0.0, Culture=neutral, PublicKeyToken=50375ca6144f1c69","","1493982849","zAU0AAAAVgBTAF8AVgBFAFIAUwBJAE8ATgBfAEkATgBGAE8AAAAAAL0E7/4AAAEABQABAAAAAAAFAAEAAAAAAD8AAAAAAAAABAAAAAIAAAAAAAAAAAAAAAAAAABEAAAAAQBWAGEAcgBGAGkAbABlAEkAbgBmAG8AAAAAACQABAAAAFQAcgBhAG4AcwBsAGEAdABpAG8AbgAAAAAAAACwBCwFAAABAFMAdAByAGkAbgBnAEYAaQBsAGUASQBuAGYAbwAAAAgFAAABADAAMAAwADAAMAA0AGIAMAAAAPQB7QABAEMAbwBtAG0AZQBuAHQAcwAAAFQAaABlACAAVwByAGkAdABlAGEAYgBsAGUAQgBpAHQAbQBhAHAARQB4ACAAbABpAGIAcgBhAHIAeQAgAGkAcwAgAGEAIABjAG8AbABsAGUAYwB0AGkAbwBuACAAbwBmACAAZQB4AHQAZQBuAHMAaQBvAG4AIABtAGUAdABoAG8AZABzACAAZgBvAHIAIAB0AGgAZQAgAFcAcgBpAHQAZQBhAGIAbABlAEIAaQB0AG0AYQBwAC4AIABUAGgAZQAgAGUAeAB0AGUAbgBzAGkAbwBuACAAbQBlAHQAaABvAGQAcwAgAGEAcgBlACAAZQBhAHMAeQAgAHQAbwAgAHUAcwBlACAAbABpAGsAZQAgAGIAdQBpAGwAdAAtAGkAbgAgAG0AZQB0AGgAbwBkAHMAIABhAG4AZAAgAG8AZgBmAGUAcgAgAEcARABJACsAIABsAGkAawBlACAAZgB1AG4AYwB0AGkAbwBuAGEAbABpAHQAeQAgAGYAbwByACAAUwBpAGwAdgBlAHIAbABpAGcAaAB0ACAAdwBlAGIALAAgAFcAaQBuAGQAbwB3AHMAIABQAGgAbwBuAGUALAAgAFcAUABGACAAYQBuAGQAIABXAGkAbgBSAFQALgAAAAAAXAAdAAEAQwBvAG0AcABhAG4AeQBOAGEAbQBlAAAAAABTAGMAaAB1AGwAdABlACAAUwBvAGYAdAB3AGEAcgBlACAARABlAHYAZQBsAG8AcABtAGUAbgB0AAAAAABYABgAAQBGAGkAbABlAEQAZQBzAGMAcgBpAHAAdABpAG8AbgAAAAAAVwByAGkAdABlAGEAYgBsAGUAQgBpAHQAbQBhAHAARQB4AC4AVwBpAG4AUgBUAAAAMAAIAAEARgBpAGwAZQBWAGUAcgBzAGkAbwBuAAAAAAAxAC4ANQAuADAALgAwAAAAWAAcAAEASQBuAHQAZQByAG4AYQBsAE4AYQBtAGUAAABXAHIAaQB0AGUAYQBiAGwAZQBCAGkAdABtAGEAcABFAHgALgBXAGkAbgBSAFQALgBkAGwAbAAAALAARgABAEwAZQBnAGEAbABDAG8AcAB5AHIAaQBnAGgAdAAAAEMAbwBwAHkAcgBpAGcAaAB0ACAAqQAgADIAMAAwADkALQAyADAAMQA1ACAAUgBlAG4AZQAgAFMAYwBoAHUAbAB0AGUAIABhAG4AZAAgAFcAcgBpAHQAZQBhAGIAbABlAEIAaQB0AG0AYQBwAEUAeAAgAEMAbwBuAHQAcgBpAGIAdQB0AG8AcgBzAAAAYAAcAAEATwByAGkAZwBpAG4AYQBsAEYAaQBsAGUAbgBhAG0AZQAAAFcAcgBpAHQAZQBhAGIAbABlAEIAaQB0AG0AYQBwAEUAeAAuAFcAaQBuAFIAVAAuAGQAbABsAAAARAASAAEAUAByAG8AZAB1AGMAdABOAGEAbQBlAAAAAABXAHIAaQB0AGUAYQBiAGwAZQBCAGkAdABtAGEAcABFAHgAAAA0AAgAAQBQAHIAbwBkAHUAYwB0AFYAZQByAHMAaQBvAG4AAAAxAC4ANQAuADAALgAwAAAAOAAIAAEAQQBzAHMAZQBtAGIAbAB5ACAAVgBlAHIAcwBpAG8AbgAAADEALgA1AC4AMAAuADAAAAA=","PDBPresent","","v4.0.30319"
"System.Runtime.InteropServices, Version=4.2.1.0, Culture=neutral, PublicKeyToken=b03f5f7f11d50a3a","","1506805472","jAQ0AAAAVgBTAF8AVgBFAFIAUwBJAE8ATgBfAEkATgBGAE8AAAAAAL0E7/4AAAEABgAEAAMAgmQAAAAAAAAAAD8AAAAAAAAABAAAAAIAAAAAAAAAAAAAAAAAAABEAAAAAQBWAGEAcgBGAGkAbABlAEkAbgBmAG8AAAAAACQABAAAAFQAcgBhAG4AcwBsAGEAdABpAG8AbgAAAAAAAACwBOwDAAABAFMAdAByAGkAbgBnAEYAaQBsAGUASQBuAGYAbwAAAMgDAAABADAAMAAwADAAMAA0AGIAMAAAAFYAHwABAEMAbwBtAG0AZQBuAHQAcwAAAFMAeQBzAHQAZQBtAC4AUgB1AG4AdABpAG0AZQAuAEkAbgB0AGUAcgBvAHAAUwBlAHIAdgBpAGMAZQBzAAAAAABMABYAAQBDAG8AbQBwAGEAbgB5AE4AYQBtAGUAAAAAAE0AaQBjAHIAbwBzAG8AZgB0ACAAQwBvAHIAcABvAHIAYQB0AGkAbwBuAAAAZgAfAAEARgBpAGwAZQBEAGUAcwBjAHIAaQBwAHQAaQBvAG4AAAAAAFMAeQBzAHQAZQBtAC4AUgB1AG4AdABpAG0AZQAuAEkAbgB0AGUAcgBvAHAAUwBlAHIAdgBpAGMAZQBzAAAAAAA6AA0AAQBGAGkAbABlAFYAZQByAHMAaQBvAG4AAAAAADQALgA2AC4AMgA1ADcAMwAwAC4AMAAzAAAAAABmACMAAQBJAG4AdABlAHIAbgBhAGwATgBhAG0AZQAAAFMAeQBzAHQAZQBtAC4AUgB1AG4AdABpAG0AZQAuAEkAbgB0AGUAcgBvAHAAUwBlAHIAdgBpAGMAZQBzAC4AZABsAGwAAAAAAIIALwABAEwAZQBnAGEAbABDAG8AcAB5AHIAaQBnAGgAdAAAAKkAIABNAGkAYwByAG8AcwBvAGYAdAAgAEMAbwByAHAAbwByAGEAdABpAG8AbgAuACAAIABBAGwAbAAgAHIAaQBnAGgAdABzACAAcgBlAHMAZQByAHYAZQBkAC4AAAAAAG4AIwABAE8AcgBpAGcAaQBuAGEAbABGAGkAbABlAG4AYQBtAGUAAABTAHkAcwB0AGUAbQAuAFIAdQBuAHQAaQBtAGUALgBJAG4AdABlAHIAbwBwAFMAZQByAHYAaQBjAGUAcwAuAGQAbABsAAAAAABUABoAAQBQAHIAbwBkAHUAYwB0AE4AYQBtAGUAAAAAAE0AaQBjAHIAbwBzAG8AZgB0AK4AIAAuAE4ARQBUACAARgByAGEAbQBlAHcAbwByAGsAAAB+AC0AAQBQAHIAbwBkAHUAYwB0AFYAZQByAHMAaQBvAG4AAAA0AC4ANgAuADIANQA3ADMAMAAuADAAMwAgAGIAdQBpAGwAdAAgAGIAeQA6ACAAZABsAGEAYgAtAEQARABWAFMATwBXAEkATgBBAEcARQAwADQANAAuACAAAAAAADgACAABAEEAcwBzAGUAbQBiAGwAeQAgAFYAZQByAHMAaQBvAG4AAAA0AC4AMgAuADEALgAwAAAA","PDBNotPresent","","v4.0.30319"
"System.Runtime.InteropServices.WindowsRuntime, Version=4.0.3.0, Culture=neutral, PublicKeyToken=b03f5f7f11d50a3a","","1506805471","/AQ0AAAAVgBTAF8AVgBFAFIAUwBJAE8ATgBfAEkATgBGAE8AAAAAAL0E7/4AAAEABgAEAAMAgmQAAAAAAAAAAD8AAAAAAAAABAAAAAIAAAAAAAAAAAAAAAAAAABEAAAAAQBWAGEAcgBGAGkAbABlAEkAbgBmAG8AAAAAACQABAAAAFQAcgBhAG4AcwBsAGEAdABpAG8AbgAAAAAAAACwBFwEAAABAFMAdAByAGkAbgBnAEYAaQBsAGUASQBuAGYAbwAAADgEAAABADAAMAAwADAAMAA0AGIAMAAAAHQALgABAEMAbwBtAG0AZQBuAHQAcwAAAFMAeQBzAHQAZQBtAC4AUgB1AG4AdABpAG0AZQAuAEkAbgB0AGUAcgBvAHAAUwBlAHIAdgBpAGMAZQBzAC4AVwBpAG4AZABvAHcAcwBSAHUAbgB0AGkAbQBlAAAATAAWAAEAQwBvAG0AcABhAG4AeQBOAGEAbQBlAAAAAABNAGkAYwByAG8AcwBvAGYAdAAgAEMAbwByAHAAbwByAGEAdABpAG8AbgAAAIQALgABAEYAaQBsAGUARABlAHMAYwByAGkAcAB0AGkAbwBuAAAAAABTAHkAcwB0AGUAbQAuAFIAdQBuAHQAaQBtAGUALgBJAG4AdABlAHIAbwBwAFMAZQByAHYAaQBjAGUAcwAuAFcAaQBuAGQAbwB3AHMAUgB1AG4AdABpAG0AZQAAADoADQABAEYAaQBsAGUAVgBlAHIAcwBpAG8AbgAAAAAANAAuADYALgAyADUANwAzADAALgAwADMAAAAAAIQAMgABAEkAbgB0AGUAcgBuAGEAbABOAGEAbQBlAAAAUwB5AHMAdABlAG0ALgBSAHUAbgB0AGkAbQBlAC4ASQBuAHQAZQByAG8AcABTAGUAcgB2AGkAYwBlAHMALgBXAGkAbgBkAG8AdwBzAFIAdQBuAHQAaQBtAGUALgBkAGwAbAAAAIIALwABAEwAZQBnAGEAbABDAG8AcAB5AHIAaQBnAGgAdAAAAKkAIABNAGkAYwByAG8AcwBvAGYAdAAgAEMAbwByAHAAbwByAGEAdABpAG8AbgAuACAAIABBAGwAbAAgAHIAaQBnAGgAdABzACAAcgBlAHMAZQByAHYAZQBkAC4AAAAAAIwAMgABAE8AcgBpAGcAaQBuAGEAbABGAGkAbABlAG4AYQBtAGUAAABTAHkAcwB0AGUAbQAuAFIAdQBuAHQAaQBtAGUALgBJAG4AdABlAHIAbwBwAFMAZQByAHYAaQBjAGUAcwAuAFcAaQBuAGQAbwB3AHMAUgB1AG4AdABpAG0AZQAuAGQAbABsAAAAVAAaAAEAUAByAG8AZAB1AGMAdABOAGEAbQBlAAAAAABNAGkAYwByAG8AcwBvAGYAdACuACAALgBOAEUAVAAgAEYAcgBhAG0AZQB3AG8AcgBrAAAAfgAtAAEAUAByAG8AZAB1AGMAdABWAGUAcgBzAGkAbwBuAAAANAAuADYALgAyADUANwAzADAALgAwADMAIABiAHUAaQBsAHQAIABiAHkAOgAgAGQAbABhAGIALQBEAEQAVgBTAE8AVwBJAE4AQQBHAEUAMAA0ADQALgAgAAAAAAA4AAgAAQBBAHMAcwBlAG0AYgBsAHkAIABWAGUAcgBzAGkAbwBuAAAANAAuADAALgAzAC4AMAAAAA==","PDBNotPresent","","v4.0.30319"
"System.Numerics.Vectors, Version=4.1.4.0, Culture=neutral, PublicKeyToken=b03f5f7f11d50a3a","","1506805501","TAQ0AAAAVgBTAF8AVgBFAFIAUwBJAE8ATgBfAEkATgBGAE8AAAAAAL0E7/4AAAEABgAEAAMAgmQAAAAAAAAAAD8AAAAAAAAABAAAAAIAAAAAAAAAAAAAAAAAAABEAAAAAQBWAGEAcgBGAGkAbABlAEkAbgBmAG8AAAAAACQABAAAAFQAcgBhAG4AcwBsAGEAdABpAG8AbgAAAAAAAACwBKwDAAABAFMAdAByAGkAbgBnAEYAaQBsAGUASQBuAGYAbwAAAIgDAAABADAAMAAwADAAMAA0AGIAMAAAAEgAGAABAEMAbwBtAG0AZQBuAHQAcwAAAFMAeQBzAHQAZQBtAC4ATgB1AG0AZQByAGkAYwBzAC4AVgBlAGMAdABvAHIAcwAAAEwAFgABAEMAbwBtAHAAYQBuAHkATgBhAG0AZQAAAAAATQBpAGMAcgBvAHMAbwBmAHQAIABDAG8AcgBwAG8AcgBhAHQAaQBvAG4AAABYABgAAQBGAGkAbABlAEQAZQBzAGMAcgBpAHAAdABpAG8AbgAAAAAAUwB5AHMAdABlAG0ALgBOAHUAbQBlAHIAaQBjAHMALgBWAGUAYwB0AG8AcgBzAAAAOgANAAEARgBpAGwAZQBWAGUAcgBzAGkAbwBuAAAAAAA0AC4ANgAuADIANQA3ADMAMAAuADAAMwAAAAAAWAAcAAEASQBuAHQAZQByAG4AYQBsAE4AYQBtAGUAAABTAHkAcwB0AGUAbQAuAE4AdQBtAGUAcgBpAGMAcwAuAFYAZQBjAHQAbwByAHMALgBkAGwAbAAAAIIALwABAEwAZQBnAGEAbABDAG8AcAB5AHIAaQBnAGgAdAAAAKkAIABNAGkAYwByAG8AcwBvAGYAdAAgAEMAbwByAHAAbwByAGEAdABpAG8AbgAuACAAIABBAGwAbAAgAHIAaQBnAGgAdABzACAAcgBlAHMAZQByAHYAZQBkAC4AAAAAAGAAHAABAE8AcgBpAGcAaQBuAGEAbABGAGkAbABlAG4AYQBtAGUAAABTAHkAcwB0AGUAbQAuAE4AdQBtAGUAcgBpAGMAcwAuAFYAZQBjAHQAbwByAHMALgBkAGwAbAAAAFQAGgABAFAAcgBvAGQAdQBjAHQATgBhAG0AZQAAAAAATQBpAGMAcgBvAHMAbwBmAHQArgAgAC4ATgBFAFQAIABGAHIAYQBtAGUAdwBvAHIAawAAAH4ALQABAFAAcgBvAGQAdQBjAHQAVgBlAHIAcwBpAG8AbgAAADQALgA2AC4AMgA1ADcAMwAwAC4AMAAzACAAYgB1AGkAbAB0ACAAYgB5ADoAIABkAGwAYQBiAC0ARABEAFYAUwBPAFcASQBOAEEARwBFADAANAA0AC4AIAAAAAAAOAAIAAEAQQBzAHMAZQBtAGIAbAB5ACAAVgBlAHIAcwBpAG8AbgAAADQALgAxAC4ANAAuADAAAAA=","PDBNotPresent","","v4.0.30319"
"System.Threading, Version=4.1.1.0, Culture=neutral, PublicKeyToken=b03f5f7f11d50a3a","","1506805476","HAQ0AAAAVgBTAF8AVgBFAFIAUwBJAE8ATgBfAEkATgBGAE8AAAAAAL0E7/4AAAEABgAEAAMAgmQAAAAAAAAAAD8AAAAAAAAABAAAAAIAAAAAAAAAAAAAAAAAAABEAAAAAQBWAGEAcgBGAGkAbABlAEkAbgBmAG8AAAAAACQABAAAAFQAcgBhAG4AcwBsAGEAdABpAG8AbgAAAAAAAACwBHwDAAABAFMAdAByAGkAbgBnAEYAaQBsAGUASQBuAGYAbwAAAFgDAAABADAAMAAwADAAMAA0AGIAMAAAADoAEQABAEMAbwBtAG0AZQBuAHQAcwAAAFMAeQBzAHQAZQBtAC4AVABoAHIAZQBhAGQAaQBuAGcAAAAAAEwAFgABAEMAbwBtAHAAYQBuAHkATgBhAG0AZQAAAAAATQBpAGMAcgBvAHMAbwBmAHQAIABDAG8AcgBwAG8AcgBhAHQAaQBvAG4AAABKABEAAQBGAGkAbABlAEQAZQBzAGMAcgBpAHAAdABpAG8AbgAAAAAAUwB5AHMAdABlAG0ALgBUAGgAcgBlAGEAZABpAG4AZwAAAAAAOgANAAEARgBpAGwAZQBWAGUAcgBzAGkAbwBuAAAAAAA0AC4ANgAuADIANQA3ADMAMAAuADAAMwAAAAAASgAVAAEASQBuAHQAZQByAG4AYQBsAE4AYQBtAGUAAABTAHkAcwB0AGUAbQAuAFQAaAByAGUAYQBkAGkAbgBnAC4AZABsAGwAAAAAAIIALwABAEwAZQBnAGEAbABDAG8AcAB5AHIAaQBnAGgAdAAAAKkAIABNAGkAYwByAG8AcwBvAGYAdAAgAEMAbwByAHAAbwByAGEAdABpAG8AbgAuACAAIABBAGwAbAAgAHIAaQBnAGgAdABzACAAcgBlAHMAZQByAHYAZQBkAC4AAAAAAFIAFQABAE8AcgBpAGcAaQBuAGEAbABGAGkAbABlAG4AYQBtAGUAAABTAHkAcwB0AGUAbQAuAFQAaAByAGUAYQBkAGkAbgBnAC4AZABsAGwAAAAAAFQAGgABAFAAcgBvAGQAdQBjAHQATgBhAG0AZQAAAAAATQBpAGMAcgBvAHMAbwBmAHQArgAgAC4ATgBFAFQAIABGAHIAYQBtAGUAdwBvAHIAawAAAH4ALQABAFAAcgBvAGQAdQBjAHQAVgBlAHIAcwBpAG8AbgAAADQALgA2AC4AMgA1ADcAMwAwAC4AMAAzACAAYgB1AGkAbAB0ACAAYgB5ADoAIABkAGwAYQBiAC0ARABEAFYAUwBPAFcASQBOAEEARwBFADAANAA0AC4AIAAAAAAAOAAIAAEAQQBzAHMAZQBtAGIAbAB5ACAAVgBlAHIAcwBpAG8AbgAAADQALgAxAC4AMQAuADAAAAA=","PDBNotPresent","","v4.0.30319"
"System.Diagnostics.Debug, Version=4.1.1.0, Culture=neutral, PublicKeyToken=b03f5f7f11d50a3a","","1506805462","XAQ0AAAAVgBTAF8AVgBFAFIAUwBJAE8ATgBfAEkATgBGAE8AAAAAAL0E7/4AAAEABgAEAAMAgmQAAAAAAAAAAD8AAAAAAAAABAAAAAIAAAAAAAAAAAAAAAAAAABEAAAAAQBWAGEAcgBGAGkAbABlAEkAbgBmAG8AAAAAACQABAAAAFQAcgBhAG4AcwBsAGEAdABpAG8AbgAAAAAAAACwBLwDAAABAFMAdAByAGkAbgBnAEYAaQBsAGUASQBuAGYAbwAAAJgDAAABADAAMAAwADAAMAA0AGIAMAAAAEoAGQABAEMAbwBtAG0AZQBuAHQAcwAAAFMAeQBzAHQAZQBtAC4ARABpAGEAZwBuAG8AcwB0AGkAYwBzAC4ARABlAGIAdQBnAAAAAABMABYAAQBDAG8AbQBwAGEAbgB5AE4AYQBtAGUAAAAAAE0AaQBjAHIAbwBzAG8AZgB0ACAAQwBvAHIAcABvAHIAYQB0AGkAbwBuAAAAWgAZAAEARgBpAGwAZQBEAGUAcwBjAHIAaQBwAHQAaQBvAG4AAAAAAFMAeQBzAHQAZQBtAC4ARABpAGEAZwBuAG8AcwB0AGkAYwBzAC4ARABlAGIAdQBnAAAAAAA6AA0AAQBGAGkAbABlAFYAZQByAHMAaQBvAG4AAAAAADQALgA2AC4AMgA1ADcAMwAwAC4AMAAzAAAAAABaAB0AAQBJAG4AdABlAHIAbgBhAGwATgBhAG0AZQAAAFMAeQBzAHQAZQBtAC4ARABpAGEAZwBuAG8AcwB0AGkAYwBzAC4ARABlAGIAdQBnAC4AZABsAGwAAAAAAIIALwABAEwAZQBnAGEAbABDAG8AcAB5AHIAaQBnAGgAdAAAAKkAIABNAGkAYwByAG8AcwBvAGYAdAAgAEMAbwByAHAAbwByAGEAdABpAG8AbgAuACAAIABBAGwAbAAgAHIAaQBnAGgAdABzACAAcgBlAHMAZQByAHYAZQBkAC4AAAAAAGIAHQABAE8AcgBpAGcAaQBuAGEAbABGAGkAbABlAG4AYQBtAGUAAABTAHkAcwB0AGUAbQAuAEQAaQBhAGcAbgBvAHMAdABpAGMAcwAuAEQAZQBiAHUAZwAuAGQAbABsAAAAAABUABoAAQBQAHIAbwBkAHUAYwB0AE4AYQBtAGUAAAAAAE0AaQBjAHIAbwBzAG8AZgB0AK4AIAAuAE4ARQBUACAARgByAGEAbQBlAHcAbwByAGsAAAB+AC0AAQBQAHIAbwBkAHUAYwB0AFYAZQByAHMAaQBvAG4AAAA0AC4ANgAuADIANQA3ADMAMAAuADAAMwAgAGIAdQBpAGwAdAAgAGIAeQA6ACAAZABsAGEAYgAtAEQARABWAFMATwBXAEkATgBBAEcARQAwADQANAAuACAAAAAAADgACAABAEEAcwBzAGUAbQBiAGwAeQAgAFYAZQByAHMAaQBvAG4AAAA0AC4AMQAuADEALgAwAAAA","PDBNotPresent","","v4.0.30319"
"System.Runtime.WindowsRuntime, Version=4.0.14.0, Culture=neutral, PublicKeyToken=b77a5c561934e089","","1506805473","fgQ0AAAAVgBTAF8AVgBFAFIAUwBJAE8ATgBfAEkATgBGAE8AAAAAAL0E7/4AAAEABgAEAAMAgmQAAAAAAAAAAD8AAAAAAAAABAAAAAIAAAAAAAAAAAAAAAAAAABEAAAAAQBWAGEAcgBGAGkAbABlAEkAbgBmAG8AAAAAACQABAAAAFQAcgBhAG4AcwBsAGEAdABpAG8AbgAAAAAAAACwBN4DAAABAFMAdAByAGkAbgBnAEYAaQBsAGUASQBuAGYAbwAAALoDAAABADAAMAAwADAAMAA0AGIAMAAAAFQAHgABAEMAbwBtAG0AZQBuAHQAcwAAAFMAeQBzAHQAZQBtAC4AUgB1AG4AdABpAG0AZQAuAFcAaQBuAGQAbwB3AHMAUgB1AG4AdABpAG0AZQAAAEwAFgABAEMAbwBtAHAAYQBuAHkATgBhAG0AZQAAAAAATQBpAGMAcgBvAHMAbwBmAHQAIABDAG8AcgBwAG8AcgBhAHQAaQBvAG4AAABkAB4AAQBGAGkAbABlAEQAZQBzAGMAcgBpAHAAdABpAG8AbgAAAAAAUwB5AHMAdABlAG0ALgBSAHUAbgB0AGkAbQBlAC4AVwBpAG4AZABvAHcAcwBSAHUAbgB0AGkAbQBlAAAAOgANAAEARgBpAGwAZQBWAGUAcgBzAGkAbwBuAAAAAAA0AC4ANgAuADIANQA3ADMAMAAuADAAMwAAAAAAZAAiAAEASQBuAHQAZQByAG4AYQBsAE4AYQBtAGUAAABTAHkAcwB0AGUAbQAuAFIAdQBuAHQAaQBtAGUALgBXAGkAbgBkAG8AdwBzAFIAdQBuAHQAaQBtAGUALgBkAGwAbAAAAIIALwABAEwAZQBnAGEAbABDAG8AcAB5AHIAaQBnAGgAdAAAAKkAIABNAGkAYwByAG8AcwBvAGYAdAAgAEMAbwByAHAAbwByAGEAdABpAG8AbgAuACAAIABBAGwAbAAgAHIAaQBnAGgAdABzACAAcgBlAHMAZQByAHYAZQBkAC4AAAAAAGwAIgABAE8AcgBpAGcAaQBuAGEAbABGAGkAbABlAG4AYQBtAGUAAABTAHkAcwB0AGUAbQAuAFIAdQBuAHQAaQBtAGUALgBXAGkAbgBkAG8AdwBzAFIAdQBuAHQAaQBtAGUALgBkAGwAbAAAAFQAGgABAFAAcgBvAGQAdQBjAHQATgBhAG0AZQAAAAAATQBpAGMAcgBvAHMAbwBmAHQArgAgAC4ATgBFAFQAIABGAHIAYQBtAGUAdwBvAHIAawAAAH4ALQABAFAAcgBvAGQAdQBjAHQAVgBlAHIAcwBpAG8AbgAAADQALgA2AC4AMgA1ADcAMwAwAC4AMAAzACAAYgB1AGkAbAB0ACAAYgB5ADoAIABkAGwAYQBiAC0ARABEAFYAUwBPAFcASQBOAEEARwBFADAANAA0AC4AIAAAAAAAOgAJAAEAQQBzAHMAZQBtAGIAbAB5ACAAVgBlAHIAcwBpAG8AbgAAADQALgAwAC4AMQA0AC4AMAAAAA==","PDBNotPresent","","v4.0.30319"
"System.Runtime.WindowsRuntime.UI.Xaml, Version=4.0.4.0, Culture=neutral, PublicKeyToken=b77a5c561934e089","","1506805503","vAQ0AAAAVgBTAF8AVgBFAFIAUwBJAE8ATgBfAEkATgBGAE8AAAAAAL0E7/4AAAEABgAEAAMAgmQAAAAAAAAAAD8AAAAAAAAABAAAAAIAAAAAAAAAAAAAAAAAAABEAAAAAQBWAGEAcgBGAGkAbABlAEkAbgBmAG8AAAAAACQABAAAAFQAcgBhAG4AcwBsAGEAdABpAG8AbgAAAAAAAACwBBwEAAABAFMAdAByAGkAbgBnAEYAaQBsAGUASQBuAGYAbwAAAPgDAAABADAAMAAwADAAMAA0AGIAMAAAAGQAJgABAEMAbwBtAG0AZQBuAHQAcwAAAFMAeQBzAHQAZQBtAC4AUgB1AG4AdABpAG0AZQAuAFcAaQBuAGQAbwB3AHMAUgB1AG4AdABpAG0AZQAuAFUASQAuAFgAYQBtAGwAAABMABYAAQBDAG8AbQBwAGEAbgB5AE4AYQBtAGUAAAAAAE0AaQBjAHIAbwBzAG8AZgB0ACAAQwBvAHIAcABvAHIAYQB0AGkAbwBuAAAAdAAmAAEARgBpAGwAZQBEAGUAcwBjAHIAaQBwAHQAaQBvAG4AAAAAAFMAeQBzAHQAZQBtAC4AUgB1AG4AdABpAG0AZQAuAFcAaQBuAGQAbwB3AHMAUgB1AG4AdABpAG0AZQAuAFUASQAuAFgAYQBtAGwAAAA6AA0AAQBGAGkAbABlAFYAZQByAHMAaQBvAG4AAAAAADQALgA2AC4AMgA1ADcAMwAwAC4AMAAzAAAAAAB0ACoAAQBJAG4AdABlAHIAbgBhAGwATgBhAG0AZQAAAFMAeQBzAHQAZQBtAC4AUgB1AG4AdABpAG0AZQAuAFcAaQBuAGQAbwB3AHMAUgB1AG4AdABpAG0AZQAuAFUASQAuAFgAYQBtAGwALgBkAGwAbAAAAIIALwABAEwAZQBnAGEAbABDAG8AcAB5AHIAaQBnAGgAdAAAAKkAIABNAGkAYwByAG8AcwBvAGYAdAAgAEMAbwByAHAAbwByAGEAdABpAG8AbgAuACAAIABBAGwAbAAgAHIAaQBnAGgAdABzACAAcgBlAHMAZQByAHYAZQBkAC4AAAAAAHwAKgABAE8AcgBpAGcAaQBuAGEAbABGAGkAbABlAG4AYQBtAGUAAABTAHkAcwB0AGUAbQAuAFIAdQBuAHQAaQBtAGUALgBXAGkAbgBkAG8AdwBzAFIAdQBuAHQAaQBtAGUALgBVAEkALgBYAGEAbQBsAC4AZABsAGwAAABUABoAAQBQAHIAbwBkAHUAYwB0AE4AYQBtAGUAAAAAAE0AaQBjAHIAbwBzAG8AZgB0AK4AIAAuAE4ARQBUACAARgByAGEAbQBlAHcAbwByAGsAAAB+AC0AAQBQAHIAbwBkAHUAYwB0AFYAZQByAHMAaQBvAG4AAAA0AC4ANgAuADIANQA3ADMAMAAuADAAMwAgAGIAdQBpAGwAdAAgAGIAeQA6ACAAZABsAGEAYgAtAEQARABWAFMATwBXAEkATgBBAEcARQAwADQANAAuACAAAAAAADgACAABAEEAcwBzAGUAbQBiAGwAeQAgAFYAZQByAHMAaQBvAG4AAAA0AC4AMAAuADQALgAwAAAA","PDBNotPresent","","v4.0.30319"
"System.Private.StackTraceGenerator, Version=4.0.0.0, Culture=neutral, PublicKeyToken=b03f5f7f11d50a3a","","1510894913","vAQ0AAAAVgBTAF8AVgBFAFIAUwBJAE8ATgBfAEkATgBGAE8AAAAAAL0E7/4AAAEABgAEAAAAF2QAAAAAAAAAAD8AAAAAAAAABAAAAAIAAAAAAAAAAAAAAAAAAABEAAAAAQBWAGEAcgBGAGkAbABlAEkAbgBmAG8AAAAAACQABAAAAFQAcgBhAG4AcwBsAGEAdABpAG8AbgAAAAAAAACwBBwEAAABAFMAdAByAGkAbgBnAEYAaQBsAGUASQBuAGYAbwAAAPgDAAABADAAMAAwADAAMAA0AGIAMAAAAF4AIwABAEMAbwBtAG0AZQBuAHQAcwAAAFMAeQBzAHQAZQBtAC4AUAByAGkAdgBhAHQAZQAuAFMAdABhAGMAawBUAHIAYQBjAGUARwBlAG4AZQByAGEAdABvAHIAAAAAAEwAFgABAEMAbwBtAHAAYQBuAHkATgBhAG0AZQAAAAAATQBpAGMAcgBvAHMAbwBmAHQAIABDAG8AcgBwAG8AcgBhAHQAaQBvAG4AAABuACMAAQBGAGkAbABlAEQAZQBzAGMAcgBpAHAAdABpAG8AbgAAAAAAUwB5AHMAdABlAG0ALgBQAHIAaQB2AGEAdABlAC4AUwB0AGEAYwBrAFQAcgBhAGMAZQBHAGUAbgBlAHIAYQB0AG8AcgAAAAAAOAAMAAEARgBpAGwAZQBWAGUAcgBzAGkAbwBuAAAAAAA0AC4ANgAuADIANQA2ADIAMwAuADAAAABuACcAAQBJAG4AdABlAHIAbgBhAGwATgBhAG0AZQAAAFMAeQBzAHQAZQBtAC4AUAByAGkAdgBhAHQAZQAuAFMAdABhAGMAawBUAHIAYQBjAGUARwBlAG4AZQByAGEAdABvAHIALgBkAGwAbAAAAAAAggAvAAEATABlAGcAYQBsAEMAbwBwAHkAcgBpAGcAaAB0AAAAqQAgAE0AaQBjAHIAbwBzAG8AZgB0ACAAQwBvAHIAcABvAHIAYQB0AGkAbwBuAC4AIAAgAEEAbABsACAAcgBpAGcAaAB0AHMAIAByAGUAcwBlAHIAdgBlAGQALgAAAAAAdgAnAAEATwByAGkAZwBpAG4AYQBsAEYAaQBsAGUAbgBhAG0AZQAAAFMAeQBzAHQAZQBtAC4AUAByAGkAdgBhAHQAZQAuAFMAdABhAGMAawBUAHIAYQBjAGUARwBlAG4AZQByAGEAdABvAHIALgBkAGwAbAAAAAAAVAAaAAEAUAByAG8AZAB1AGMAdABOAGEAbQBlAAAAAABNAGkAYwByAG8AcwBvAGYAdACuACAALgBOAEUAVAAgAEYAcgBhAG0AZQB3AG8AcgBrAAAAkgA3AAEAUAByAG8AZAB1AGMAdABWAGUAcgBzAGkAbwBuAAAANAAuADYALgAyADUANgAyADMALgAwACAAYgB1AGkAbAB0ACAAYgB5ADoAIABkAGwAYQBiAC0ARABEAEIATABEADIAOQA3AEEALgAgAEMAbwBtAG0AaQB0ACAASABhAHMAaAA6ACAATgAvAEEAAAAAADgACAABAEEAcwBzAGUAbQBiAGwAeQAgAFYAZQByAHMAaQBvAG4AAAA0AC4AMAAuADAALgAwAAAA","PDBPresent","","v4.0.30319"
"System.Net.Http, Version=4.2.1.0, Culture=neutral, PublicKeyToken=b03f5f7f11d50a3a","","1506805496","DAQ0AAAAVgBTAF8AVgBFAFIAUwBJAE8ATgBfAEkATgBGAE8AAAAAAL0E7/4AAAEABgAEAAMAgmQAAAAAAAAAAD8AAAAAAAAABAAAAAIAAAAAAAAAAAAAAAAAAABEAAAAAQBWAGEAcgBGAGkAbABlAEkAbgBmAG8AAAAAACQABAAAAFQAcgBhAG4AcwBsAGEAdABpAG8AbgAAAAAAAACwBGwDAAABAFMAdAByAGkAbgBnAEYAaQBsAGUASQBuAGYAbwAAAEgDAAABADAAMAAwADAAMAA0AGIAMAAAADgAEAABAEMAbwBtAG0AZQBuAHQAcwAAAFMAeQBzAHQAZQBtAC4ATgBlAHQALgBIAHQAdABwAAAATAAWAAEAQwBvAG0AcABhAG4AeQBOAGEAbQBlAAAAAABNAGkAYwByAG8AcwBvAGYAdAAgAEMAbwByAHAAbwByAGEAdABpAG8AbgAAAEgAEAABAEYAaQBsAGUARABlAHMAYwByAGkAcAB0AGkAbwBuAAAAAABTAHkAcwB0AGUAbQAuAE4AZQB0AC4ASAB0AHQAcAAAADoADQABAEYAaQBsAGUAVgBlAHIAcwBpAG8AbgAAAAAANAAuADYALgAyADUANwAzADAALgAwADMAAAAAAEgAFAABAEkAbgB0AGUAcgBuAGEAbABOAGEAbQBlAAAAUwB5AHMAdABlAG0ALgBOAGUAdAAuAEgAdAB0AHAALgBkAGwAbAAAAIIALwABAEwAZQBnAGEAbABDAG8AcAB5AHIAaQBnAGgAdAAAAKkAIABNAGkAYwByAG8AcwBvAGYAdAAgAEMAbwByAHAAbwByAGEAdABpAG8AbgAuACAAIABBAGwAbAAgAHIAaQBnAGgAdABzACAAcgBlAHMAZQByAHYAZQBkAC4AAAAAAFAAFAABAE8AcgBpAGcAaQBuAGEAbABGAGkAbABlAG4AYQBtAGUAAABTAHkAcwB0AGUAbQAuAE4AZQB0AC4ASAB0AHQAcAAuAGQAbABsAAAAVAAaAAEAUAByAG8AZAB1AGMAdABOAGEAbQBlAAAAAABNAGkAYwByAG8AcwBvAGYAdACuACAALgBOAEUAVAAgAEYAcgBhAG0AZQB3AG8AcgBrAAAAfgAtAAEAUAByAG8AZAB1AGMAdABWAGUAcgBzAGkAbwBuAAAANAAuADYALgAyADUANwAzADAALgAwADMAIABiAHUAaQBsAHQAIABiAHkAOgAgAGQAbABhAGIALQBEAEQAVgBTAE8AVwBJAE4AQQBHAEUAMAA0ADQALgAgAAAAAAA4AAgAAQBBAHMAcwBlAG0AYgBsAHkAIABWAGUAcgBzAGkAbwBuAAAANAAuADIALgAxAC4AMAAAAA==","PDBNotPresent","","v4.0.30319"
"System.Diagnostics.Tracing, Version=4.2.1.0, Culture=neutral, PublicKeyToken=b03f5f7f11d50a3a","","1506805464","bAQ0AAAAVgBTAF8AVgBFAFIAUwBJAE8ATgBfAEkATgBGAE8AAAAAAL0E7/4AAAEABgAEAAMAgmQAAAAAAAAAAD8AAAAAAAAABAAAAAIAAAAAAAAAAAAAAAAAAABEAAAAAQBWAGEAcgBGAGkAbABlAEkAbgBmAG8AAAAAACQABAAAAFQAcgBhAG4AcwBsAGEAdABpAG8AbgAAAAAAAACwBMwDAAABAFMAdAByAGkAbgBnAEYAaQBsAGUASQBuAGYAbwAAAKgDAAABADAAMAAwADAAMAA0AGIAMAAAAE4AGwABAEMAbwBtAG0AZQBuAHQAcwAAAFMAeQBzAHQAZQBtAC4ARABpAGEAZwBuAG8AcwB0AGkAYwBzAC4AVAByAGEAYwBpAG4AZwAAAAAATAAWAAEAQwBvAG0AcABhAG4AeQBOAGEAbQBlAAAAAABNAGkAYwByAG8AcwBvAGYAdAAgAEMAbwByAHAAbwByAGEAdABpAG8AbgAAAF4AGwABAEYAaQBsAGUARABlAHMAYwByAGkAcAB0AGkAbwBuAAAAAABTAHkAcwB0AGUAbQAuAEQAaQBhAGcAbgBvAHMAdABpAGMAcwAuAFQAcgBhAGMAaQBuAGcAAAAAADoADQABAEYAaQBsAGUAVgBlAHIAcwBpAG8AbgAAAAAANAAuADYALgAyADUANwAzADAALgAwADMAAAAAAF4AHwABAEkAbgB0AGUAcgBuAGEAbABOAGEAbQBlAAAAUwB5AHMAdABlAG0ALgBEAGkAYQBnAG4AbwBzAHQAaQBjAHMALgBUAHIAYQBjAGkAbgBnAC4AZABsAGwAAAAAAIIALwABAEwAZQBnAGEAbABDAG8AcAB5AHIAaQBnAGgAdAAAAKkAIABNAGkAYwByAG8AcwBvAGYAdAAgAEMAbwByAHAAbwByAGEAdABpAG8AbgAuACAAIABBAGwAbAAgAHIAaQBnAGgAdABzACAAcgBlAHMAZQByAHYAZQBkAC4AAAAAAGYAHwABAE8AcgBpAGcAaQBuAGEAbABGAGkAbABlAG4AYQBtAGUAAABTAHkAcwB0AGUAbQAuAEQAaQBhAGcAbgBvAHMAdABpAGMAcwAuAFQAcgBhAGMAaQBuAGcALgBkAGwAbAAAAAAAVAAaAAEAUAByAG8AZAB1AGMAdABOAGEAbQBlAAAAAABNAGkAYwByAG8AcwBvAGYAdACuACAALgBOAEUAVAAgAEYAcgBhAG0AZQB3AG8AcgBrAAAAfgAtAAEAUAByAG8AZAB1AGMAdABWAGUAcgBzAGkAbwBuAAAANAAuADYALgAyADUANwAzADAALgAwADMAIABiAHUAaQBsAHQAIABiAHkAOgAgAGQAbABhAGIALQBEAEQAVgBTAE8AVwBJAE4AQQBHAEUAMAA0ADQALgAgAAAAAAA4AAgAAQBBAHMAcwBlAG0AYgBsAHkAIABWAGUAcgBzAGkAbwBuAAAANAAuADIALgAxAC4AMAAAAA==","PDBNotPresent","","v4.0.30319"
"System.Net.Requests, Version=4.1.1.0, Culture=neutral, PublicKeyToken=b03f5f7f11d50a3a","","1506805498","LAQ0AAAAVgBTAF8AVgBFAFIAUwBJAE8ATgBfAEkATgBGAE8AAAAAAL0E7/4AAAEABgAEAAMAgmQAAAAAAAAAAD8AAAAAAAAABAAAAAIAAAAAAAAAAAAAAAAAAABEAAAAAQBWAGEAcgBGAGkAbABlAEkAbgBmAG8AAAAAACQABAAAAFQAcgBhAG4AcwBsAGEAdABpAG8AbgAAAAAAAACwBIwDAAABAFMAdAByAGkAbgBnAEYAaQBsAGUASQBuAGYAbwAAAGgDAAABADAAMAAwADAAMAA0AGIAMAAAAEAAFAABAEMAbwBtAG0AZQBuAHQAcwAAAFMAeQBzAHQAZQBtAC4ATgBlAHQALgBSAGUAcQB1AGUAcwB0AHMAAABMABYAAQBDAG8AbQBwAGEAbgB5AE4AYQBtAGUAAAAAAE0AaQBjAHIAbwBzAG8AZgB0ACAAQwBvAHIAcABvAHIAYQB0AGkAbwBuAAAAUAAUAAEARgBpAGwAZQBEAGUAcwBjAHIAaQBwAHQAaQBvAG4AAAAAAFMAeQBzAHQAZQBtAC4ATgBlAHQALgBSAGUAcQB1AGUAcwB0AHMAAAA6AA0AAQBGAGkAbABlAFYAZQByAHMAaQBvAG4AAAAAADQALgA2AC4AMgA1ADcAMwAwAC4AMAAzAAAAAABQABgAAQBJAG4AdABlAHIAbgBhAGwATgBhAG0AZQAAAFMAeQBzAHQAZQBtAC4ATgBlAHQALgBSAGUAcQB1AGUAcwB0AHMALgBkAGwAbAAAAIIALwABAEwAZQBnAGEAbABDAG8AcAB5AHIAaQBnAGgAdAAAAKkAIABNAGkAYwByAG8AcwBvAGYAdAAgAEMAbwByAHAAbwByAGEAdABpAG8AbgAuACAAIABBAGwAbAAgAHIAaQBnAGgAdABzACAAcgBlAHMAZQByAHYAZQBkAC4AAAAAAFgAGAABAE8AcgBpAGcAaQBuAGEAbABGAGkAbABlAG4AYQBtAGUAAABTAHkAcwB0AGUAbQAuAE4AZQB0AC4AUgBlAHEAdQBlAHMAdABzAC4AZABsAGwAAABUABoAAQBQAHIAbwBkAHUAYwB0AE4AYQBtAGUAAAAAAE0AaQBjAHIAbwBzAG8AZgB0AK4AIAAuAE4ARQBUACAARgByAGEAbQBlAHcAbwByAGsAAAB+AC0AAQBQAHIAbwBkAHUAYwB0AFYAZQByAHMAaQBvAG4AAAA0AC4ANgAuADIANQA3ADMAMAAuADAAMwAgAGIAdQBpAGwAdAAgAGIAeQA6ACAAZABsAGEAYgAtAEQARABWAFMATwBXAEkATgBBAEcARQAwADQANAAuACAAAAAAADgACAABAEEAcwBzAGUAbQBiAGwAeQAgAFYAZQByAHMAaQBvAG4AAAA0AC4AMQAuADEALgAwAAAA","PDBNotPresent","","v4.0.30319"
"System.Net.Primitives, Version=4.1.1.0, Culture=neutral, PublicKeyToken=b03f5f7f11d50a3a","","1506805498","PAQ0AAAAVgBTAF8AVgBFAFIAUwBJAE8ATgBfAEkATgBGAE8AAAAAAL0E7/4AAAEABgAEAAMAgmQAAAAAAAAAAD8AAAAAAAAABAAAAAIAAAAAAAAAAAAAAAAAAABEAAAAAQBWAGEAcgBGAGkAbABlAEkAbgBmAG8AAAAAACQABAAAAFQAcgBhAG4AcwBsAGEAdABpAG8AbgAAAAAAAACwBJwDAAABAFMAdAByAGkAbgBnAEYAaQBsAGUASQBuAGYAbwAAAHgDAAABADAAMAAwADAAMAA0AGIAMAAAAEQAFgABAEMAbwBtAG0AZQBuAHQAcwAAAFMAeQBzAHQAZQBtAC4ATgBlAHQALgBQAHIAaQBtAGkAdABpAHYAZQBzAAAATAAWAAEAQwBvAG0AcABhAG4AeQBOAGEAbQBlAAAAAABNAGkAYwByAG8AcwBvAGYAdAAgAEMAbwByAHAAbwByAGEAdABpAG8AbgAAAFQAFgABAEYAaQBsAGUARABlAHMAYwByAGkAcAB0AGkAbwBuAAAAAABTAHkAcwB0AGUAbQAuAE4AZQB0AC4AUAByAGkAbQBpAHQAaQB2AGUAcwAAADoADQABAEYAaQBsAGUAVgBlAHIAcwBpAG8AbgAAAAAANAAuADYALgAyADUANwAzADAALgAwADMAAAAAAFQAGgABAEkAbgB0AGUAcgBuAGEAbABOAGEAbQBlAAAAUwB5AHMAdABlAG0ALgBOAGUAdAAuAFAAcgBpAG0AaQB0AGkAdgBlAHMALgBkAGwAbAAAAIIALwABAEwAZQBnAGEAbABDAG8AcAB5AHIAaQBnAGgAdAAAAKkAIABNAGkAYwByAG8AcwBvAGYAdAAgAEMAbwByAHAAbwByAGEAdABpAG8AbgAuACAAIABBAGwAbAAgAHIAaQBnAGgAdABzACAAcgBlAHMAZQByAHYAZQBkAC4AAAAAAFwAGgABAE8AcgBpAGcAaQBuAGEAbABGAGkAbABlAG4AYQBtAGUAAABTAHkAcwB0AGUAbQAuAE4AZQB0AC4AUAByAGkAbQBpAHQAaQB2AGUAcwAuAGQAbABsAAAAVAAaAAEAUAByAG8AZAB1AGMAdABOAGEAbQBlAAAAAABNAGkAYwByAG8AcwBvAGYAdACuACAALgBOAEUAVAAgAEYAcgBhAG0AZQB3AG8AcgBrAAAAfgAtAAEAUAByAG8AZAB1AGMAdABWAGUAcgBzAGkAbwBuAAAANAAuADYALgAyADUANwAzADAALgAwADMAIABiAHUAaQBsAHQAIABiAHkAOgAgAGQAbABhAGIALQBEAEQAVgBTAE8AVwBJAE4AQQBHAEUAMAA0ADQALgAgAAAAAAA4AAgAAQBBAHMAcwBlAG0AYgBsAHkAIABWAGUAcgBzAGkAbwBuAAAANAAuADEALgAxAC4AMAAAAA==","PDBNotPresent","","v4.0.30319"
"System.Runtime.Serialization.Primitives, Version=4.2.1.0, Culture=neutral, PublicKeyToken=b03f5f7f11d50a3a","","1506805471","zAQ0AAAAVgBTAF8AVgBFAFIAUwBJAE8ATgBfAEkATgBGAE8AAAAAAL0E7/4AAAEABgAEAAMAgmQAAAAAAAAAAD8AAAAAAAAABAAAAAIAAAAAAAAAAAAAAAAAAABEAAAAAQBWAGEAcgBGAGkAbABlAEkAbgBmAG8AAAAAACQABAAAAFQAcgBhAG4AcwBsAGEAdABpAG8AbgAAAAAAAACwBCwEAAABAFMAdAByAGkAbgBnAEYAaQBsAGUASQBuAGYAbwAAAAgEAAABADAAMAAwADAAMAA0AGIAMAAAAGgAKAABAEMAbwBtAG0AZQBuAHQAcwAAAFMAeQBzAHQAZQBtAC4AUgB1AG4AdABpAG0AZQAuAFMAZQByAGkAYQBsAGkAegBhAHQAaQBvAG4ALgBQAHIAaQBtAGkAdABpAHYAZQBzAAAATAAWAAEAQwBvAG0AcABhAG4AeQBOAGEAbQBlAAAAAABNAGkAYwByAG8AcwBvAGYAdAAgAEMAbwByAHAAbwByAGEAdABpAG8AbgAAAHgAKAABAEYAaQBsAGUARABlAHMAYwByAGkAcAB0AGkAbwBuAAAAAABTAHkAcwB0AGUAbQAuAFIAdQBuAHQAaQBtAGUALgBTAGUAcgBpAGEAbABpAHoAYQB0AGkAbwBuAC4AUAByAGkAbQBpAHQAaQB2AGUAcwAAADoADQABAEYAaQBsAGUAVgBlAHIAcwBpAG8AbgAAAAAANAAuADYALgAyADUANwAzADAALgAwADMAAAAAAHgALAABAEkAbgB0AGUAcgBuAGEAbABOAGEAbQBlAAAAUwB5AHMAdABlAG0ALgBSAHUAbgB0AGkAbQBlAC4AUwBlAHIAaQBhAGwAaQB6AGEAdABpAG8AbgAuAFAAcgBpAG0AaQB0AGkAdgBlAHMALgBkAGwAbAAAAIIALwABAEwAZQBnAGEAbABDAG8AcAB5AHIAaQBnAGgAdAAAAKkAIABNAGkAYwByAG8AcwBvAGYAdAAgAEMAbwByAHAAbwByAGEAdABpAG8AbgAuACAAIABBAGwAbAAgAHIAaQBnAGgAdABzACAAcgBlAHMAZQByAHYAZQBkAC4AAAAAAIAALAABAE8AcgBpAGcAaQBuAGEAbABGAGkAbABlAG4AYQBtAGUAAABTAHkAcwB0AGUAbQAuAFIAdQBuAHQAaQBtAGUALgBTAGUAcgBpAGEAbABpAHoAYQB0AGkAbwBuAC4AUAByAGkAbQBpAHQAaQB2AGUAcwAuAGQAbABsAAAAVAAaAAEAUAByAG8AZAB1AGMAdABOAGEAbQBlAAAAAABNAGkAYwByAG8AcwBvAGYAdACuACAALgBOAEUAVAAgAEYAcgBhAG0AZQB3AG8AcgBrAAAAfgAtAAEAUAByAG8AZAB1AGMAdABWAGUAcgBzAGkAbwBuAAAANAAuADYALgAyADUANwAzADAALgAwADMAIABiAHUAaQBsAHQAIABiAHkAOgAgAGQAbABhAGIALQBEAEQAVgBTAE8AVwBJAE4AQQBHAEUAMAA0ADQALgAgAAAAAAA4AAgAAQBBAHMAcwBlAG0AYgBsAHkAIABWAGUAcgBzAGkAbwBuAAAANAAuADIALgAxAC4AMAAAAA==","PDBNotPresent","","v4.0.30319"
"System.Private.Xml, Version=4.0.1.0, Culture=neutral, PublicKeyToken=cc7b13ffcd2ddd51","","1506805468","LAQ0AAAAVgBTAF8AVgBFAFIAUwBJAE8ATgBfAEkATgBGAE8AAAAAAL0E7/4AAAEABgAEAAMAgmQAAAAAAAAAAD8AAAAAAAAABAAAAAIAAAAAAAAAAAAAAAAAAABEAAAAAQBWAGEAcgBGAGkAbABlAEkAbgBmAG8AAAAAACQABAAAAFQAcgBhAG4AcwBsAGEAdABpAG8AbgAAAAAAAACwBIwDAAABAFMAdAByAGkAbgBnAEYAaQBsAGUASQBuAGYAbwAAAGgDAAABADAAMAAwADAAMAA0AGIAMAAAAD4AEwABAEMAbwBtAG0AZQBuAHQAcwAAAFMAeQBzAHQAZQBtAC4AUAByAGkAdgBhAHQAZQAuAFgAbQBsAAAAAABMABYAAQBDAG8AbQBwAGEAbgB5AE4AYQBtAGUAAAAAAE0AaQBjAHIAbwBzAG8AZgB0ACAAQwBvAHIAcABvAHIAYQB0AGkAbwBuAAAATgATAAEARgBpAGwAZQBEAGUAcwBjAHIAaQBwAHQAaQBvAG4AAAAAAFMAeQBzAHQAZQBtAC4AUAByAGkAdgBhAHQAZQAuAFgAbQBsAAAAAAA6AA0AAQBGAGkAbABlAFYAZQByAHMAaQBvAG4AAAAAADQALgA2AC4AMgA1ADcAMwAwAC4AMAAzAAAAAABOABcAAQBJAG4AdABlAHIAbgBhAGwATgBhAG0AZQAAAFMAeQBzAHQAZQBtAC4AUAByAGkAdgBhAHQAZQAuAFgAbQBsAC4AZABsAGwAAAAAAIIALwABAEwAZQBnAGEAbABDAG8AcAB5AHIAaQBnAGgAdAAAAKkAIABNAGkAYwByAG8AcwBvAGYAdAAgAEMAbwByAHAAbwByAGEAdABpAG8AbgAuACAAIABBAGwAbAAgAHIAaQBnAGgAdABzACAAcgBlAHMAZQByAHYAZQBkAC4AAAAAAFYAFwABAE8AcgBpAGcAaQBuAGEAbABGAGkAbABlAG4AYQBtAGUAAABTAHkAcwB0AGUAbQAuAFAAcgBpAHYAYQB0AGUALgBYAG0AbAAuAGQAbABsAAAAAABUABoAAQBQAHIAbwBkAHUAYwB0AE4AYQBtAGUAAAAAAE0AaQBjAHIAbwBzAG8AZgB0AK4AIAAuAE4ARQBUACAARgByAGEAbQBlAHcAbwByAGsAAAB+AC0AAQBQAHIAbwBkAHUAYwB0AFYAZQByAHMAaQBvAG4AAAA0AC4ANgAuADIANQA3ADMAMAAuADAAMwAgAGIAdQBpAGwAdAAgAGIAeQA6ACAAZABsAGEAYgAtAEQARABWAFMATwBXAEkATgBBAEcARQAwADQANAAuACAAAAAAADgACAABAEEAcwBzAGUAbQBiAGwAeQAgAFYAZQByAHMAaQBvAG4AAAA0AC4AMAAuADEALgAwAAAA","PDBNotPresent","","v4.0.30319"
"System.Private.Xml.Linq, Version=4.0.1.0, Culture=neutral, PublicKeyToken=cc7b13ffcd2ddd51","","1506805509","TAQ0AAAAVgBTAF8AVgBFAFIAUwBJAE8ATgBfAEkATgBGAE8AAAAAAL0E7/4AAAEABgAEAAMAgmQAAAAAAAAAAD8AAAAAAAAABAAAAAIAAAAAAAAAAAAAAAAAAABEAAAAAQBWAGEAcgBGAGkAbABlAEkAbgBmAG8AAAAAACQABAAAAFQAcgBhAG4AcwBsAGEAdABpAG8AbgAAAAAAAACwBKwDAAABAFMAdAByAGkAbgBnAEYAaQBsAGUASQBuAGYAbwAAAIgDAAABADAAMAAwADAAMAA0AGIAMAAAAEgAGAABAEMAbwBtAG0AZQBuAHQAcwAAAFMAeQBzAHQAZQBtAC4AUAByAGkAdgBhAHQAZQAuAFgAbQBsAC4ATABpAG4AcQAAAEwAFgABAEMAbwBtAHAAYQBuAHkATgBhAG0AZQAAAAAATQBpAGMAcgBvAHMAbwBmAHQAIABDAG8AcgBwAG8AcgBhAHQAaQBvAG4AAABYABgAAQBGAGkAbABlAEQAZQBzAGMAcgBpAHAAdABpAG8AbgAAAAAAUwB5AHMAdABlAG0ALgBQAHIAaQB2AGEAdABlAC4AWABtAGwALgBMAGkAbgBxAAAAOgANAAEARgBpAGwAZQBWAGUAcgBzAGkAbwBuAAAAAAA0AC4ANgAuADIANQA3ADMAMAAuADAAMwAAAAAAWAAcAAEASQBuAHQAZQByAG4AYQBsAE4AYQBtAGUAAABTAHkAcwB0AGUAbQAuAFAAcgBpAHYAYQB0AGUALgBYAG0AbAAuAEwAaQBuAHEALgBkAGwAbAAAAIIALwABAEwAZQBnAGEAbABDAG8AcAB5AHIAaQBnAGgAdAAAAKkAIABNAGkAYwByAG8AcwBvAGYAdAAgAEMAbwByAHAAbwByAGEAdABpAG8AbgAuACAAIABBAGwAbAAgAHIAaQBnAGgAdABzACAAcgBlAHMAZQByAHYAZQBkAC4AAAAAAGAAHAABAE8AcgBpAGcAaQBuAGEAbABGAGkAbABlAG4AYQBtAGUAAABTAHkAcwB0AGUAbQAuAFAAcgBpAHYAYQB0AGUALgBYAG0AbAAuAEwAaQBuAHEALgBkAGwAbAAAAFQAGgABAFAAcgBvAGQAdQBjAHQATgBhAG0AZQAAAAAATQBpAGMAcgBvAHMAbwBmAHQArgAgAC4ATgBFAFQAIABGAHIAYQBtAGUAdwBvAHIAawAAAH4ALQABAFAAcgBvAGQAdQBjAHQAVgBlAHIAcwBpAG8AbgAAADQALgA2AC4AMgA1ADcAMwAwAC4AMAAzACAAYgB1AGkAbAB0ACAAYgB5ADoAIABkAGwAYQBiAC0ARABEAFYAUwBPAFcASQBOAEEARwBFADAANAA0AC4AIAAAAAAAOAAIAAEAQQBzAHMAZQBtAGIAbAB5ACAAVgBlAHIAcwBpAG8AbgAAADQALgAwAC4AMQAuADAAAAA=","PDBNotPresent","","v4.0.30319"
"System.Runtime.Numerics, Version=4.1.1.0, Culture=neutral, PublicKeyToken=b03f5f7f11d50a3a","","1506805500","TAQ0AAAAVgBTAF8AVgBFAFIAUwBJAE8ATgBfAEkATgBGAE8AAAAAAL0E7/4AAAEABgAEAAMAgmQAAAAAAAAAAD8AAAAAAAAABAAAAAIAAAAAAAAAAAAAAAAAAABEAAAAAQBWAGEAcgBGAGkAbABlAEkAbgBmAG8AAAAAACQABAAAAFQAcgBhAG4AcwBsAGEAdABpAG8AbgAAAAAAAACwBKwDAAABAFMAdAByAGkAbgBnAEYAaQBsAGUASQBuAGYAbwAAAIgDAAABADAAMAAwADAAMAA0AGIAMAAAAEgAGAABAEMAbwBtAG0AZQBuAHQAcwAAAFMAeQBzAHQAZQBtAC4AUgB1AG4AdABpAG0AZQAuAE4AdQBtAGUAcgBpAGMAcwAAAEwAFgABAEMAbwBtAHAAYQBuAHkATgBhAG0AZQAAAAAATQBpAGMAcgBvAHMAbwBmAHQAIABDAG8AcgBwAG8AcgBhAHQAaQBvAG4AAABYABgAAQBGAGkAbABlAEQAZQBzAGMAcgBpAHAAdABpAG8AbgAAAAAAUwB5AHMAdABlAG0ALgBSAHUAbgB0AGkAbQBlAC4ATgB1AG0AZQByAGkAYwBzAAAAOgANAAEARgBpAGwAZQBWAGUAcgBzAGkAbwBuAAAAAAA0AC4ANgAuADIANQA3ADMAMAAuADAAMwAAAAAAWAAcAAEASQBuAHQAZQByAG4AYQBsAE4AYQBtAGUAAABTAHkAcwB0AGUAbQAuAFIAdQBuAHQAaQBtAGUALgBOAHUAbQBlAHIAaQBjAHMALgBkAGwAbAAAAIIALwABAEwAZQBnAGEAbABDAG8AcAB5AHIAaQBnAGgAdAAAAKkAIABNAGkAYwByAG8AcwBvAGYAdAAgAEMAbwByAHAAbwByAGEAdABpAG8AbgAuACAAIABBAGwAbAAgAHIAaQBnAGgAdABzACAAcgBlAHMAZQByAHYAZQBkAC4AAAAAAGAAHAABAE8AcgBpAGcAaQBuAGEAbABGAGkAbABlAG4AYQBtAGUAAABTAHkAcwB0AGUAbQAuAFIAdQBuAHQAaQBtAGUALgBOAHUAbQBlAHIAaQBjAHMALgBkAGwAbAAAAFQAGgABAFAAcgBvAGQAdQBjAHQATgBhAG0AZQAAAAAATQBpAGMAcgBvAHMAbwBmAHQArgAgAC4ATgBFAFQAIABGAHIAYQBtAGUAdwBvAHIAawAAAH4ALQABAFAAcgBvAGQAdQBjAHQAVgBlAHIAcwBpAG8AbgAAADQALgA2AC4AMgA1ADcAMwAwAC4AMAAzACAAYgB1AGkAbAB0ACAAYgB5ADoAIABkAGwAYQBiAC0ARABEAFYAUwBPAFcASQBOAEEARwBFADAANAA0AC4AIAAAAAAAOAAIAAEAQQBzAHMAZQBtAGIAbAB5ACAAVgBlAHIAcwBpAG8AbgAAADQALgAxAC4AMQAuADAAAAA=","PDBNotPresent","","v4.0.30319"
"System.ComponentModel.TypeConverter, Version=4.2.1.0, Culture=neutral, PublicKeyToken=b03f5f7f11d50a3a","","1506805490","rAQ0AAAAVgBTAF8AVgBFAFIAUwBJAE8ATgBfAEkATgBGAE8AAAAAAL0E7/4AAAEABgAEAAMAgmQAAAAAAAAAAD8AAAAAAAAABAAAAAIAAAAAAAAAAAAAAAAAAABEAAAAAQBWAGEAcgBGAGkAbABlAEkAbgBmAG8AAAAAACQABAAAAFQAcgBhAG4AcwBsAGEAdABpAG8AbgAAAAAAAACwBAwEAAABAFMAdAByAGkAbgBnAEYAaQBsAGUASQBuAGYAbwAAAOgDAAABADAAMAAwADAAMAA0AGIAMAAAAGAAJAABAEMAbwBtAG0AZQBuAHQAcwAAAFMAeQBzAHQAZQBtAC4AQwBvAG0AcABvAG4AZQBuAHQATQBvAGQAZQBsAC4AVAB5AHAAZQBDAG8AbgB2AGUAcgB0AGUAcgAAAEwAFgABAEMAbwBtAHAAYQBuAHkATgBhAG0AZQAAAAAATQBpAGMAcgBvAHMAbwBmAHQAIABDAG8AcgBwAG8AcgBhAHQAaQBvAG4AAABwACQAAQBGAGkAbABlAEQAZQBzAGMAcgBpAHAAdABpAG8AbgAAAAAAUwB5AHMAdABlAG0ALgBDAG8AbQBwAG8AbgBlAG4AdABNAG8AZABlAGwALgBUAHkAcABlAEMAbwBuAHYAZQByAHQAZQByAAAAOgANAAEARgBpAGwAZQBWAGUAcgBzAGkAbwBuAAAAAAA0AC4ANgAuADIANQA3ADMAMAAuADAAMwAAAAAAcAAoAAEASQBuAHQAZQByAG4AYQBsAE4AYQBtAGUAAABTAHkAcwB0AGUAbQAuAEMAbwBtAHAAbwBuAGUAbgB0AE0AbwBkAGUAbAAuAFQAeQBwAGUAQwBvAG4AdgBlAHIAdABlAHIALgBkAGwAbAAAAIIALwABAEwAZQBnAGEAbABDAG8AcAB5AHIAaQBnAGgAdAAAAKkAIABNAGkAYwByAG8AcwBvAGYAdAAgAEMAbwByAHAAbwByAGEAdABpAG8AbgAuACAAIABBAGwAbAAgAHIAaQBnAGgAdABzACAAcgBlAHMAZQByAHYAZQBkAC4AAAAAAHgAKAABAE8AcgBpAGcAaQBuAGEAbABGAGkAbABlAG4AYQBtAGUAAABTAHkAcwB0AGUAbQAuAEMAbwBtAHAAbwBuAGUAbgB0AE0AbwBkAGUAbAAuAFQAeQBwAGUAQwBvAG4AdgBlAHIAdABlAHIALgBkAGwAbAAAAFQAGgABAFAAcgBvAGQAdQBjAHQATgBhAG0AZQAAAAAATQBpAGMAcgBvAHMAbwBmAHQArgAgAC4ATgBFAFQAIABGAHIAYQBtAGUAdwBvAHIAawAAAH4ALQABAFAAcgBvAGQAdQBjAHQAVgBlAHIAcwBpAG8AbgAAADQALgA2AC4AMgA1ADcAMwAwAC4AMAAzACAAYgB1AGkAbAB0ACAAYgB5ADoAIABkAGwAYQBiAC0ARABEAFYAUwBPAFcASQBOAEEARwBFADAANAA0AC4AIAAAAAAAOAAIAAEAQQBzAHMAZQBtAGIAbAB5ACAAVgBlAHIAcwBpAG8AbgAAADQALgAyAC4AMQAuADAAAAA=","PDBNotPresent","","v4.0.30319"
"System.Runtime.Serialization.Formatters, Version=4.0.3.0, Culture=neutral, PublicKeyToken=b03f5f7f11d50a3a","","1506805501","zAQ0AAAAVgBTAF8AVgBFAFIAUwBJAE8ATgBfAEkATgBGAE8AAAAAAL0E7/4AAAEABgAEAAMAgmQAAAAAAAAAAD8AAAAAAAAABAAAAAIAAAAAAAAAAAAAAAAAAABEAAAAAQBWAGEAcgBGAGkAbABlAEkAbgBmAG8AAAAAACQABAAAAFQAcgBhAG4AcwBsAGEAdABpAG8AbgAAAAAAAACwBCwEAAABAFMAdAByAGkAbgBnAEYAaQBsAGUASQBuAGYAbwAAAAgEAAABADAAMAAwADAAMAA0AGIAMAAAAGgAKAABAEMAbwBtAG0AZQBuAHQAcwAAAFMAeQBzAHQAZQBtAC4AUgB1AG4AdABpAG0AZQAuAFMAZQByAGkAYQBsAGkAegBhAHQAaQBvAG4ALgBGAG8AcgBtAGEAdAB0AGUAcgBzAAAATAAWAAEAQwBvAG0AcABhAG4AeQBOAGEAbQBlAAAAAABNAGkAYwByAG8AcwBvAGYAdAAgAEMAbwByAHAAbwByAGEAdABpAG8AbgAAAHgAKAABAEYAaQBsAGUARABlAHMAYwByAGkAcAB0AGkAbwBuAAAAAABTAHkAcwB0AGUAbQAuAFIAdQBuAHQAaQBtAGUALgBTAGUAcgBpAGEAbABpAHoAYQB0AGkAbwBuAC4ARgBvAHIAbQBhAHQAdABlAHIAcwAAADoADQABAEYAaQBsAGUAVgBlAHIAcwBpAG8AbgAAAAAANAAuADYALgAyADUANwAzADAALgAwADMAAAAAAHgALAABAEkAbgB0AGUAcgBuAGEAbABOAGEAbQBlAAAAUwB5AHMAdABlAG0ALgBSAHUAbgB0AGkAbQBlAC4AUwBlAHIAaQBhAGwAaQB6AGEAdABpAG8AbgAuAEYAbwByAG0AYQB0AHQAZQByAHMALgBkAGwAbAAAAIIALwABAEwAZQBnAGEAbABDAG8AcAB5AHIAaQBnAGgAdAAAAKkAIABNAGkAYwByAG8AcwBvAGYAdAAgAEMAbwByAHAAbwByAGEAdABpAG8AbgAuACAAIABBAGwAbAAgAHIAaQBnAGgAdABzACAAcgBlAHMAZQByAHYAZQBkAC4AAAAAAIAALAABAE8AcgBpAGcAaQBuAGEAbABGAGkAbABlAG4AYQBtAGUAAABTAHkAcwB0AGUAbQAuAFIAdQBuAHQAaQBtAGUALgBTAGUAcgBpAGEAbABpAHoAYQB0AGkAbwBuAC4ARgBvAHIAbQBhAHQAdABlAHIAcwAuAGQAbABsAAAAVAAaAAEAUAByAG8AZAB1AGMAdABOAGEAbQBlAAAAAABNAGkAYwByAG8AcwBvAGYAdACuACAALgBOAEUAVAAgAEYAcgBhAG0AZQB3AG8AcgBrAAAAfgAtAAEAUAByAG8AZAB1AGMAdABWAGUAcgBzAGkAbwBuAAAANAAuADYALgAyADUANwAzADAALgAwADMAIABiAHUAaQBsAHQAIABiAHkAOgAgAGQAbABhAGIALQBEAEQAVgBTAE8AVwBJAE4AQQBHAEUAMAA0ADQALgAgAAAAAAA4AAgAAQBBAHMAcwBlAG0AYgBsAHkAIABWAGUAcgBzAGkAbwBuAAAANAAuADAALgAzAC4AMAAAAA==","PDBNotPresent","","v4.0.30319"
"Microsoft.CSharp, Version=4.0.4.0, Culture=neutral, PublicKeyToken=b03f5f7f11d50a3a","","1506805482","HAQ0AAAAVgBTAF8AVgBFAFIAUwBJAE8ATgBfAEkATgBGAE8AAAAAAL0E7/4AAAEABgAEAAMAgmQAAAAAAAAAAD8AAAAAAAAABAAAAAIAAAAAAAAAAAAAAAAAAABEAAAAAQBWAGEAcgBGAGkAbABlAEkAbgBmAG8AAAAAACQABAAAAFQAcgBhAG4AcwBsAGEAdABpAG8AbgAAAAAAAACwBHwDAAABAFMAdAByAGkAbgBnAEYAaQBsAGUASQBuAGYAbwAAAFgDAAABADAAMAAwADAAMAA0AGIAMAAAADoAEQABAEMAbwBtAG0AZQBuAHQAcwAAAE0AaQBjAHIAbwBzAG8AZgB0AC4AQwBTAGgAYQByAHAAAAAAAEwAFgABAEMAbwBtAHAAYQBuAHkATgBhAG0AZQAAAAAATQBpAGMAcgBvAHMAbwBmAHQAIABDAG8AcgBwAG8AcgBhAHQAaQBvAG4AAABKABEAAQBGAGkAbABlAEQAZQBzAGMAcgBpAHAAdABpAG8AbgAAAAAATQBpAGMAcgBvAHMAbwBmAHQALgBDAFMAaABhAHIAcAAAAAAAOgANAAEARgBpAGwAZQBWAGUAcgBzAGkAbwBuAAAAAAA0AC4ANgAuADIANQA3ADMAMAAuADAAMwAAAAAASgAVAAEASQBuAHQAZQByAG4AYQBsAE4AYQBtAGUAAABNAGkAYwByAG8AcwBvAGYAdAAuAEMAUwBoAGEAcgBwAC4AZABsAGwAAAAAAIIALwABAEwAZQBnAGEAbABDAG8AcAB5AHIAaQBnAGgAdAAAAKkAIABNAGkAYwByAG8AcwBvAGYAdAAgAEMAbwByAHAAbwByAGEAdABpAG8AbgAuACAAIABBAGwAbAAgAHIAaQBnAGgAdABzACAAcgBlAHMAZQByAHYAZQBkAC4AAAAAAFIAFQABAE8AcgBpAGcAaQBuAGEAbABGAGkAbABlAG4AYQBtAGUAAABNAGkAYwByAG8AcwBvAGYAdAAuAEMAUwBoAGEAcgBwAC4AZABsAGwAAAAAAFQAGgABAFAAcgBvAGQAdQBjAHQATgBhAG0AZQAAAAAATQBpAGMAcgBvAHMAbwBmAHQArgAgAC4ATgBFAFQAIABGAHIAYQBtAGUAdwBvAHIAawAAAH4ALQABAFAAcgBvAGQAdQBjAHQAVgBlAHIAcwBpAG8AbgAAADQALgA2AC4AMgA1ADcAMwAwAC4AMAAzACAAYgB1AGkAbAB0ACAAYgB5ADoAIABkAGwAYQBiAC0ARABEAFYAUwBPAFcASQBOAEEARwBFADAANAA0AC4AIAAAAAAAOAAIAAEAQQBzAHMAZQBtAGIAbAB5ACAAVgBlAHIAcwBpAG8AbgAAADQALgAwAC4ANAAuADAAAAA=","PDBNotPresent","","v4.0.30319"
"System.Security.Cryptography.X509Certificates, Version=4.2.1.0, Culture=neutral, PublicKeyToken=b03f5f7f11d50a3a","","1506805505","/AQ0AAAAVgBTAF8AVgBFAFIAUwBJAE8ATgBfAEkATgBGAE8AAAAAAL0E7/4AAAEABgAEAAMAgmQAAAAAAAAAAD8AAAAAAAAABAAAAAIAAAAAAAAAAAAAAAAAAABEAAAAAQBWAGEAcgBGAGkAbABlAEkAbgBmAG8AAAAAACQABAAAAFQAcgBhAG4AcwBsAGEAdABpAG8AbgAAAAAAAACwBFwEAAABAFMAdAByAGkAbgBnAEYAaQBsAGUASQBuAGYAbwAAADgEAAABADAAMAAwADAAMAA0AGIAMAAAAHQALgABAEMAbwBtAG0AZQBuAHQAcwAAAFMAeQBzAHQAZQBtAC4AUwBlAGMAdQByAGkAdAB5AC4AQwByAHkAcAB0AG8AZwByAGEAcABoAHkALgBYADUAMAA5AEMAZQByAHQAaQBmAGkAYwBhAHQAZQBzAAAATAAWAAEAQwBvAG0AcABhAG4AeQBOAGEAbQBlAAAAAABNAGkAYwByAG8AcwBvAGYAdAAgAEMAbwByAHAAbwByAGEAdABpAG8AbgAAAIQALgABAEYAaQBsAGUARABlAHMAYwByAGkAcAB0AGkAbwBuAAAAAABTAHkAcwB0AGUAbQAuAFMAZQBjAHUAcgBpAHQAeQAuAEMAcgB5AHAAdABvAGcAcgBhAHAAaAB5AC4AWAA1ADAAOQBDAGUAcgB0AGkAZgBpAGMAYQB0AGUAcwAAADoADQABAEYAaQBsAGUAVgBlAHIAcwBpAG8AbgAAAAAANAAuADYALgAyADUANwAzADAALgAwADMAAAAAAIQAMgABAEkAbgB0AGUAcgBuAGEAbABOAGEAbQBlAAAAUwB5AHMAdABlAG0ALgBTAGUAYwB1AHIAaQB0AHkALgBDAHIAeQBwAHQAbwBnAHIAYQBwAGgAeQAuAFgANQAwADkAQwBlAHIAdABpAGYAaQBjAGEAdABlAHMALgBkAGwAbAAAAIIALwABAEwAZQBnAGEAbABDAG8AcAB5AHIAaQBnAGgAdAAAAKkAIABNAGkAYwByAG8AcwBvAGYAdAAgAEMAbwByAHAAbwByAGEAdABpAG8AbgAuACAAIABBAGwAbAAgAHIAaQBnAGgAdABzACAAcgBlAHMAZQByAHYAZQBkAC4AAAAAAIwAMgABAE8AcgBpAGcAaQBuAGEAbABGAGkAbABlAG4AYQBtAGUAAABTAHkAcwB0AGUAbQAuAFMAZQBjAHUAcgBpAHQAeQAuAEMAcgB5AHAAdABvAGcAcgBhAHAAaAB5AC4AWAA1ADAAOQBDAGUAcgB0AGkAZgBpAGMAYQB0AGUAcwAuAGQAbABsAAAAVAAaAAEAUAByAG8AZAB1AGMAdABOAGEAbQBlAAAAAABNAGkAYwByAG8AcwBvAGYAdACuACAALgBOAEUAVAAgAEYAcgBhAG0AZQB3AG8AcgBrAAAAfgAtAAEAUAByAG8AZAB1AGMAdABWAGUAcgBzAGkAbwBuAAAANAAuADYALgAyADUANwAzADAALgAwADMAIABiAHUAaQBsAHQAIABiAHkAOgAgAGQAbABhAGIALQBEAEQAVgBTAE8AVwBJAE4AQQBHAEUAMAA0ADQALgAgAAAAAAA4AAgAAQBBAHMAcwBlAG0AYgBsAHkAIABWAGUAcgBzAGkAbwBuAAAANAAuADIALgAxAC4AMAAAAA==","PDBNotPresent","","v4.0.30319"
"System.Security.Cryptography.Encoding, Version=4.1.1.0, Culture=neutral, PublicKeyToken=b03f5f7f11d50a3a","","1506805506","vAQ0AAAAVgBTAF8AVgBFAFIAUwBJAE8ATgBfAEkATgBGAE8AAAAAAL0E7/4AAAEABgAEAAMAgmQAAAAAAAAAAD8AAAAAAAAABAAAAAIAAAAAAAAAAAAAAAAAAABEAAAAAQBWAGEAcgBGAGkAbABlAEkAbgBmAG8AAAAAACQABAAAAFQAcgBhAG4AcwBsAGEAdABpAG8AbgAAAAAAAACwBBwEAAABAFMAdAByAGkAbgBnAEYAaQBsAGUASQBuAGYAbwAAAPgDAAABADAAMAAwADAAMAA0AGIAMAAAAGQAJgABAEMAbwBtAG0AZQBuAHQAcwAAAFMAeQBzAHQAZQBtAC4AUwBlAGMAdQByAGkAdAB5AC4AQwByAHkAcAB0AG8AZwByAGEAcABoAHkALgBFAG4AYwBvAGQAaQBuAGcAAABMABYAAQBDAG8AbQBwAGEAbgB5AE4AYQBtAGUAAAAAAE0AaQBjAHIAbwBzAG8AZgB0ACAAQwBvAHIAcABvAHIAYQB0AGkAbwBuAAAAdAAmAAEARgBpAGwAZQBEAGUAcwBjAHIAaQBwAHQAaQBvAG4AAAAAAFMAeQBzAHQAZQBtAC4AUwBlAGMAdQByAGkAdAB5AC4AQwByAHkAcAB0AG8AZwByAGEAcABoAHkALgBFAG4AYwBvAGQAaQBuAGcAAAA6AA0AAQBGAGkAbABlAFYAZQByAHMAaQBvAG4AAAAAADQALgA2AC4AMgA1ADcAMwAwAC4AMAAzAAAAAAB0ACoAAQBJAG4AdABlAHIAbgBhAGwATgBhAG0AZQAAAFMAeQBzAHQAZQBtAC4AUwBlAGMAdQByAGkAdAB5AC4AQwByAHkAcAB0AG8AZwByAGEAcABoAHkALgBFAG4AYwBvAGQAaQBuAGcALgBkAGwAbAAAAIIALwABAEwAZQBnAGEAbABDAG8AcAB5AHIAaQBnAGgAdAAAAKkAIABNAGkAYwByAG8AcwBvAGYAdAAgAEMAbwByAHAAbwByAGEAdABpAG8AbgAuACAAIABBAGwAbAAgAHIAaQBnAGgAdABzACAAcgBlAHMAZQByAHYAZQBkAC4AAAAAAHwAKgABAE8AcgBpAGcAaQBuAGEAbABGAGkAbABlAG4AYQBtAGUAAABTAHkAcwB0AGUAbQAuAFMAZQBjAHUAcgBpAHQAeQAuAEMAcgB5AHAAdABvAGcAcgBhAHAAaAB5AC4ARQBuAGMAbwBkAGkAbgBnAC4AZABsAGwAAABUABoAAQBQAHIAbwBkAHUAYwB0AE4AYQBtAGUAAAAAAE0AaQBjAHIAbwBzAG8AZgB0AK4AIAAuAE4ARQBUACAARgByAGEAbQBlAHcAbwByAGsAAAB+AC0AAQBQAHIAbwBkAHUAYwB0AFYAZQByAHMAaQBvAG4AAAA0AC4ANgAuADIANQA3ADMAMAAuADAAMwAgAGIAdQBpAGwAdAAgAGIAeQA6ACAAZABsAGEAYgAtAEQARABWAFMATwBXAEkATgBBAEcARQAwADQANAAuACAAAAAAADgACAABAEEAcwBzAGUAbQBiAGwAeQAgAFYAZQByAHMAaQBvAG4AAAA0AC4AMQAuADEALgAwAAAA","PDBNotPresent","","v4.0.30319"
"System.Diagnostics.DiagnosticSource, Version=4.0.3.0, Culture=neutral, PublicKeyToken=cc7b13ffcd2ddd51","","1506805491","rAQ0AAAAVgBTAF8AVgBFAFIAUwBJAE8ATgBfAEkATgBGAE8AAAAAAL0E7/4AAAEABgAEAAMAgmQAAAAAAAAAAD8AAAAAAAAABAAAAAIAAAAAAAAAAAAAAAAAAABEAAAAAQBWAGEAcgBGAGkAbABlAEkAbgBmAG8AAAAAACQABAAAAFQAcgBhAG4AcwBsAGEAdABpAG8AbgAAAAAAAACwBAwEAAABAFMAdAByAGkAbgBnAEYAaQBsAGUASQBuAGYAbwAAAOgDAAABADAAMAAwADAAMAA0AGIAMAAAAGAAJAABAEMAbwBtAG0AZQBuAHQAcwAAAFMAeQBzAHQAZQBtAC4ARABpAGEAZwBuAG8AcwB0AGkAYwBzAC4ARABpAGEAZwBuAG8AcwB0AGkAYwBTAG8AdQByAGMAZQAAAEwAFgABAEMAbwBtAHAAYQBuAHkATgBhAG0AZQAAAAAATQBpAGMAcgBvAHMAbwBmAHQAIABDAG8AcgBwAG8AcgBhAHQAaQBvAG4AAABwACQAAQBGAGkAbABlAEQAZQBzAGMAcgBpAHAAdABpAG8AbgAAAAAAUwB5AHMAdABlAG0ALgBEAGkAYQBnAG4AbwBzAHQAaQBjAHMALgBEAGkAYQBnAG4AbwBzAHQAaQBjAFMAbwB1AHIAYwBlAAAAOgANAAEARgBpAGwAZQBWAGUAcgBzAGkAbwBuAAAAAAA0AC4ANgAuADIANQA3ADMAMAAuADAAMwAAAAAAcAAoAAEASQBuAHQAZQByAG4AYQBsAE4AYQBtAGUAAABTAHkAcwB0AGUAbQAuAEQAaQBhAGcAbgBvAHMAdABpAGMAcwAuAEQAaQBhAGcAbgBvAHMAdABpAGMAUwBvAHUAcgBjAGUALgBkAGwAbAAAAIIALwABAEwAZQBnAGEAbABDAG8AcAB5AHIAaQBnAGgAdAAAAKkAIABNAGkAYwByAG8AcwBvAGYAdAAgAEMAbwByAHAAbwByAGEAdABpAG8AbgAuACAAIABBAGwAbAAgAHIAaQBnAGgAdABzACAAcgBlAHMAZQByAHYAZQBkAC4AAAAAAHgAKAABAE8AcgBpAGcAaQBuAGEAbABGAGkAbABlAG4AYQBtAGUAAABTAHkAcwB0AGUAbQAuAEQAaQBhAGcAbgBvAHMAdABpAGMAcwAuAEQAaQBhAGcAbgBvAHMAdABpAGMAUwBvAHUAcgBjAGUALgBkAGwAbAAAAFQAGgABAFAAcgBvAGQAdQBjAHQATgBhAG0AZQAAAAAATQBpAGMAcgBvAHMAbwBmAHQArgAgAC4ATgBFAFQAIABGAHIAYQBtAGUAdwBvAHIAawAAAH4ALQABAFAAcgBvAGQAdQBjAHQAVgBlAHIAcwBpAG8AbgAAADQALgA2AC4AMgA1ADcAMwAwAC4AMAAzACAAYgB1AGkAbAB0ACAAYgB5ADoAIABkAGwAYQBiAC0ARABEAFYAUwBPAFcASQBOAEEARwBFADAANAA0AC4AIAAAAAAAOAAIAAEAQQBzAHMAZQBtAGIAbAB5ACAAVgBlAHIAcwBpAG8AbgAAADQALgAwAC4AMwAuADAAAAA=","PDBNotPresent","","v4.0.30319"
"System.Collections.NonGeneric, Version=4.1.1.0, Culture=neutral, PublicKeyToken=b03f5f7f11d50a3a","","1506805489","fAQ0AAAAVgBTAF8AVgBFAFIAUwBJAE8ATgBfAEkATgBGAE8AAAAAAL0E7/4AAAEABgAEAAMAgmQAAAAAAAAAAD8AAAAAAAAABAAAAAIAAAAAAAAAAAAAAAAAAABEAAAAAQBWAGEAcgBGAGkAbABlAEkAbgBmAG8AAAAAACQABAAAAFQAcgBhAG4AcwBsAGEAdABpAG8AbgAAAAAAAACwBNwDAAABAFMAdAByAGkAbgBnAEYAaQBsAGUASQBuAGYAbwAAALgDAAABADAAMAAwADAAMAA0AGIAMAAAAFQAHgABAEMAbwBtAG0AZQBuAHQAcwAAAFMAeQBzAHQAZQBtAC4AQwBvAGwAbABlAGMAdABpAG8AbgBzAC4ATgBvAG4ARwBlAG4AZQByAGkAYwAAAEwAFgABAEMAbwBtAHAAYQBuAHkATgBhAG0AZQAAAAAATQBpAGMAcgBvAHMAbwBmAHQAIABDAG8AcgBwAG8AcgBhAHQAaQBvAG4AAABkAB4AAQBGAGkAbABlAEQAZQBzAGMAcgBpAHAAdABpAG8AbgAAAAAAUwB5AHMAdABlAG0ALgBDAG8AbABsAGUAYwB0AGkAbwBuAHMALgBOAG8AbgBHAGUAbgBlAHIAaQBjAAAAOgANAAEARgBpAGwAZQBWAGUAcgBzAGkAbwBuAAAAAAA0AC4ANgAuADIANQA3ADMAMAAuADAAMwAAAAAAZAAiAAEASQBuAHQAZQByAG4AYQBsAE4AYQBtAGUAAABTAHkAcwB0AGUAbQAuAEMAbwBsAGwAZQBjAHQAaQBvAG4AcwAuAE4AbwBuAEcAZQBuAGUAcgBpAGMALgBkAGwAbAAAAIIALwABAEwAZQBnAGEAbABDAG8AcAB5AHIAaQBnAGgAdAAAAKkAIABNAGkAYwByAG8AcwBvAGYAdAAgAEMAbwByAHAAbwByAGEAdABpAG8AbgAuACAAIABBAGwAbAAgAHIAaQBnAGgAdABzACAAcgBlAHMAZQByAHYAZQBkAC4AAAAAAGwAIgABAE8AcgBpAGcAaQBuAGEAbABGAGkAbABlAG4AYQBtAGUAAABTAHkAcwB0AGUAbQAuAEMAbwBsAGwAZQBjAHQAaQBvAG4AcwAuAE4AbwBuAEcAZQBuAGUAcgBpAGMALgBkAGwAbAAAAFQAGgABAFAAcgBvAGQAdQBjAHQATgBhAG0AZQAAAAAATQBpAGMAcgBvAHMAbwBmAHQArgAgAC4ATgBFAFQAIABGAHIAYQBtAGUAdwBvAHIAawAAAH4ALQABAFAAcgBvAGQAdQBjAHQAVgBlAHIAcwBpAG8AbgAAADQALgA2AC4AMgA1ADcAMwAwAC4AMAAzACAAYgB1AGkAbAB0ACAAYgB5ADoAIABkAGwAYQBiAC0ARABEAFYAUwBPAFcASQBOAEEARwBFADAANAA0AC4AIAAAAAAAOAAIAAEAQQBzAHMAZQBtAGIAbAB5ACAAVgBlAHIAcwBpAG8AbgAAADQALgAxAC4AMQAuADAAAAA=","PDBNotPresent","","v4.0.30319"
"System.Collections.Specialized, Version=4.1.1.0, Culture=neutral, PublicKeyToken=b03f5f7f11d50a3a","","1506805489","jAQ0AAAAVgBTAF8AVgBFAFIAUwBJAE8ATgBfAEkATgBGAE8AAAAAAL0E7/4AAAEABgAEAAMAgmQAAAAAAAAAAD8AAAAAAAAABAAAAAIAAAAAAAAAAAAAAAAAAABEAAAAAQBWAGEAcgBGAGkAbABlAEkAbgBmAG8AAAAAACQABAAAAFQAcgBhAG4AcwBsAGEAdABpAG8AbgAAAAAAAACwBOwDAAABAFMAdAByAGkAbgBnAEYAaQBsAGUASQBuAGYAbwAAAMgDAAABADAAMAAwADAAMAA0AGIAMAAAAFYAHwABAEMAbwBtAG0AZQBuAHQAcwAAAFMAeQBzAHQAZQBtAC4AQwBvAGwAbABlAGMAdABpAG8AbgBzAC4AUwBwAGUAYwBpAGEAbABpAHoAZQBkAAAAAABMABYAAQBDAG8AbQBwAGEAbgB5AE4AYQBtAGUAAAAAAE0AaQBjAHIAbwBzAG8AZgB0ACAAQwBvAHIAcABvAHIAYQB0AGkAbwBuAAAAZgAfAAEARgBpAGwAZQBEAGUAcwBjAHIAaQBwAHQAaQBvAG4AAAAAAFMAeQBzAHQAZQBtAC4AQwBvAGwAbABlAGMAdABpAG8AbgBzAC4AUwBwAGUAYwBpAGEAbABpAHoAZQBkAAAAAAA6AA0AAQBGAGkAbABlAFYAZQByAHMAaQBvAG4AAAAAADQALgA2AC4AMgA1ADcAMwAwAC4AMAAzAAAAAABmACMAAQBJAG4AdABlAHIAbgBhAGwATgBhAG0AZQAAAFMAeQBzAHQAZQBtAC4AQwBvAGwAbABlAGMAdABpAG8AbgBzAC4AUwBwAGUAYwBpAGEAbABpAHoAZQBkAC4AZABsAGwAAAAAAIIALwABAEwAZQBnAGEAbABDAG8AcAB5AHIAaQBnAGgAdAAAAKkAIABNAGkAYwByAG8AcwBvAGYAdAAgAEMAbwByAHAAbwByAGEAdABpAG8AbgAuACAAIABBAGwAbAAgAHIAaQBnAGgAdABzACAAcgBlAHMAZQByAHYAZQBkAC4AAAAAAG4AIwABAE8AcgBpAGcAaQBuAGEAbABGAGkAbABlAG4AYQBtAGUAAABTAHkAcwB0AGUAbQAuAEMAbwBsAGwAZQBjAHQAaQBvAG4AcwAuAFMAcABlAGMAaQBhAGwAaQB6AGUAZAAuAGQAbABsAAAAAABUABoAAQBQAHIAbwBkAHUAYwB0AE4AYQBtAGUAAAAAAE0AaQBjAHIAbwBzAG8AZgB0AK4AIAAuAE4ARQBUACAARgByAGEAbQBlAHcAbwByAGsAAAB+AC0AAQBQAHIAbwBkAHUAYwB0AFYAZQByAHMAaQBvAG4AAAA0AC4ANgAuADIANQA3ADMAMAAuADAAMwAgAGIAdQBpAGwAdAAgAGIAeQA6ACAAZABsAGEAYgAtAEQARABWAFMATwBXAEkATgBBAEcARQAwADQANAAuACAAAAAAADgACAABAEEAcwBzAGUAbQBiAGwAeQAgAFYAZQByAHMAaQBvAG4AAAA0AC4AMQAuADEALgAwAAAA","PDBNotPresent","","v4.0.30319"
"System.Net.WebHeaderCollection, Version=4.1.1.0, Culture=neutral, PublicKeyToken=b03f5f7f11d50a3a","","1506805499","jAQ0AAAAVgBTAF8AVgBFAFIAUwBJAE8ATgBfAEkATgBGAE8AAAAAAL0E7/4AAAEABgAEAAMAgmQAAAAAAAAAAD8AAAAAAAAABAAAAAIAAAAAAAAAAAAAAAAAAABEAAAAAQBWAGEAcgBGAGkAbABlAEkAbgBmAG8AAAAAACQABAAAAFQAcgBhAG4AcwBsAGEAdABpAG8AbgAAAAAAAACwBOwDAAABAFMAdAByAGkAbgBnAEYAaQBsAGUASQBuAGYAbwAAAMgDAAABADAAMAAwADAAMAA0AGIAMAAAAFYAHwABAEMAbwBtAG0AZQBuAHQAcwAAAFMAeQBzAHQAZQBtAC4ATgBlAHQALgBXAGUAYgBIAGUAYQBkAGUAcgBDAG8AbABsAGUAYwB0AGkAbwBuAAAAAABMABYAAQBDAG8AbQBwAGEAbgB5AE4AYQBtAGUAAAAAAE0AaQBjAHIAbwBzAG8AZgB0ACAAQwBvAHIAcABvAHIAYQB0AGkAbwBuAAAAZgAfAAEARgBpAGwAZQBEAGUAcwBjAHIAaQBwAHQAaQBvAG4AAAAAAFMAeQBzAHQAZQBtAC4ATgBlAHQALgBXAGUAYgBIAGUAYQBkAGUAcgBDAG8AbABsAGUAYwB0AGkAbwBuAAAAAAA6AA0AAQBGAGkAbABlAFYAZQByAHMAaQBvAG4AAAAAADQALgA2AC4AMgA1ADcAMwAwAC4AMAAzAAAAAABmACMAAQBJAG4AdABlAHIAbgBhAGwATgBhAG0AZQAAAFMAeQBzAHQAZQBtAC4ATgBlAHQALgBXAGUAYgBIAGUAYQBkAGUAcgBDAG8AbABsAGUAYwB0AGkAbwBuAC4AZABsAGwAAAAAAIIALwABAEwAZQBnAGEAbABDAG8AcAB5AHIAaQBnAGgAdAAAAKkAIABNAGkAYwByAG8AcwBvAGYAdAAgAEMAbwByAHAAbwByAGEAdABpAG8AbgAuACAAIABBAGwAbAAgAHIAaQBnAGgAdABzACAAcgBlAHMAZQByAHYAZQBkAC4AAAAAAG4AIwABAE8AcgBpAGcAaQBuAGEAbABGAGkAbABlAG4AYQBtAGUAAABTAHkAcwB0AGUAbQAuAE4AZQB0AC4AVwBlAGIASABlAGEAZABlAHIAQwBvAGwAbABlAGMAdABpAG8AbgAuAGQAbABsAAAAAABUABoAAQBQAHIAbwBkAHUAYwB0AE4AYQBtAGUAAAAAAE0AaQBjAHIAbwBzAG8AZgB0AK4AIAAuAE4ARQBUACAARgByAGEAbQBlAHcAbwByAGsAAAB+AC0AAQBQAHIAbwBkAHUAYwB0AFYAZQByAHMAaQBvAG4AAAA0AC4ANgAuADIANQA3ADMAMAAuADAAMwAgAGIAdQBpAGwAdAAgAGIAeQA6ACAAZABsAGEAYgAtAEQARABWAFMATwBXAEkATgBBAEcARQAwADQANAAuACAAAAAAADgACAABAEEAcwBzAGUAbQBiAGwAeQAgAFYAZQByAHMAaQBvAG4AAAA0AC4AMQAuADEALgAwAAAA","PDBNotPresent","","v4.0.30319"
"System.Net.ServicePoint, Version=4.0.1.0, Culture=neutral, PublicKeyToken=cc7b13ffcd2ddd51","","1506805498","TAQ0AAAAVgBTAF8AVgBFAFIAUwBJAE8ATgBfAEkATgBGAE8AAAAAAL0E7/4AAAEABgAEAAMAgmQAAAAAAAAAAD8AAAAAAAAABAAAAAIAAAAAAAAAAAAAAAAAAABEAAAAAQBWAGEAcgBGAGkAbABlAEkAbgBmAG8AAAAAACQABAAAAFQAcgBhAG4AcwBsAGEAdABpAG8AbgAAAAAAAACwBKwDAAABAFMAdAByAGkAbgBnAEYAaQBsAGUASQBuAGYAbwAAAIgDAAABADAAMAAwADAAMAA0AGIAMAAAAEgAGAABAEMAbwBtAG0AZQBuAHQAcwAAAFMAeQBzAHQAZQBtAC4ATgBlAHQALgBTAGUAcgB2AGkAYwBlAFAAbwBpAG4AdAAAAEwAFgABAEMAbwBtAHAAYQBuAHkATgBhAG0AZQAAAAAATQBpAGMAcgBvAHMAbwBmAHQAIABDAG8AcgBwAG8AcgBhAHQAaQBvAG4AAABYABgAAQBGAGkAbABlAEQAZQBzAGMAcgBpAHAAdABpAG8AbgAAAAAAUwB5AHMAdABlAG0ALgBOAGUAdAAuAFMAZQByAHYAaQBjAGUAUABvAGkAbgB0AAAAOgANAAEARgBpAGwAZQBWAGUAcgBzAGkAbwBuAAAAAAA0AC4ANgAuADIANQA3ADMAMAAuADAAMwAAAAAAWAAcAAEASQBuAHQAZQByAG4AYQBsAE4AYQBtAGUAAABTAHkAcwB0AGUAbQAuAE4AZQB0AC4AUwBlAHIAdgBpAGMAZQBQAG8AaQBuAHQALgBkAGwAbAAAAIIALwABAEwAZQBnAGEAbABDAG8AcAB5AHIAaQBnAGgAdAAAAKkAIABNAGkAYwByAG8AcwBvAGYAdAAgAEMAbwByAHAAbwByAGEAdABpAG8AbgAuACAAIABBAGwAbAAgAHIAaQBnAGgAdABzACAAcgBlAHMAZQByAHYAZQBkAC4AAAAAAGAAHAABAE8AcgBpAGcAaQBuAGEAbABGAGkAbABlAG4AYQBtAGUAAABTAHkAcwB0AGUAbQAuAE4AZQB0AC4AUwBlAHIAdgBpAGMAZQBQAG8AaQBuAHQALgBkAGwAbAAAAFQAGgABAFAAcgBvAGQAdQBjAHQATgBhAG0AZQAAAAAATQBpAGMAcgBvAHMAbwBmAHQArgAgAC4ATgBFAFQAIABGAHIAYQBtAGUAdwBvAHIAawAAAH4ALQABAFAAcgBvAGQAdQBjAHQAVgBlAHIAcwBpAG8AbgAAADQALgA2AC4AMgA1ADcAMwAwAC4AMAAzACAAYgB1AGkAbAB0ACAAYgB5ADoAIABkAGwAYQBiAC0ARABEAFYAUwBPAFcASQBOAEEARwBFADAANAA0AC4AIAAAAAAAOAAIAAEAQQBzAHMAZQBtAGIAbAB5ACAAVgBlAHIAcwBpAG8AbgAAADQALgAwAC4AMQAuADAAAAA=","PDBNotPresent","","v4.0.30319"
"System.Net.Security, Version=4.1.1.0, Culture=neutral, PublicKeyToken=b03f5f7f11d50a3a","","1506805498","LAQ0AAAAVgBTAF8AVgBFAFIAUwBJAE8ATgBfAEkATgBGAE8AAAAAAL0E7/4AAAEABgAEAAMAgmQAAAAAAAAAAD8AAAAAAAAABAAAAAIAAAAAAAAAAAAAAAAAAABEAAAAAQBWAGEAcgBGAGkAbABlAEkAbgBmAG8AAAAAACQABAAAAFQAcgBhAG4AcwBsAGEAdABpAG8AbgAAAAAAAACwBIwDAAABAFMAdAByAGkAbgBnAEYAaQBsAGUASQBuAGYAbwAAAGgDAAABADAAMAAwADAAMAA0AGIAMAAAAEAAFAABAEMAbwBtAG0AZQBuAHQAcwAAAFMAeQBzAHQAZQBtAC4ATgBlAHQALgBTAGUAYwB1AHIAaQB0AHkAAABMABYAAQBDAG8AbQBwAGEAbgB5AE4AYQBtAGUAAAAAAE0AaQBjAHIAbwBzAG8AZgB0ACAAQwBvAHIAcABvAHIAYQB0AGkAbwBuAAAAUAAUAAEARgBpAGwAZQBEAGUAcwBjAHIAaQBwAHQAaQBvAG4AAAAAAFMAeQBzAHQAZQBtAC4ATgBlAHQALgBTAGUAYwB1AHIAaQB0AHkAAAA6AA0AAQBGAGkAbABlAFYAZQByAHMAaQBvAG4AAAAAADQALgA2AC4AMgA1ADcAMwAwAC4AMAAzAAAAAABQABgAAQBJAG4AdABlAHIAbgBhAGwATgBhAG0AZQAAAFMAeQBzAHQAZQBtAC4ATgBlAHQALgBTAGUAYwB1AHIAaQB0AHkALgBkAGwAbAAAAIIALwABAEwAZQBnAGEAbABDAG8AcAB5AHIAaQBnAGgAdAAAAKkAIABNAGkAYwByAG8AcwBvAGYAdAAgAEMAbwByAHAAbwByAGEAdABpAG8AbgAuACAAIABBAGwAbAAgAHIAaQBnAGgAdABzACAAcgBlAHMAZQByAHYAZQBkAC4AAAAAAFgAGAABAE8AcgBpAGcAaQBuAGEAbABGAGkAbABlAG4AYQBtAGUAAABTAHkAcwB0AGUAbQAuAE4AZQB0AC4AUwBlAGMAdQByAGkAdAB5AC4AZABsAGwAAABUABoAAQBQAHIAbwBkAHUAYwB0AE4AYQBtAGUAAAAAAE0AaQBjAHIAbwBzAG8AZgB0AK4AIAAuAE4ARQBUACAARgByAGEAbQBlAHcAbwByAGsAAAB+AC0AAQBQAHIAbwBkAHUAYwB0AFYAZQByAHMAaQBvAG4AAAA0AC4ANgAuADIANQA3ADMAMAAuADAAMwAgAGIAdQBpAGwAdAAgAGIAeQA6ACAAZABsAGEAYgAtAEQARABWAFMATwBXAEkATgBBAEcARQAwADQANAAuACAAAAAAADgACAABAEEAcwBzAGUAbQBiAGwAeQAgAFYAZQByAHMAaQBvAG4AAAA0AC4AMQAuADEALgAwAAAA","PDBNotPresent","","v4.0.30319"
"System.Net.Sockets, Version=4.2.1.0, Culture=neutral, PublicKeyToken=b03f5f7f11d50a3a","","1506805498","LAQ0AAAAVgBTAF8AVgBFAFIAUwBJAE8ATgBfAEkATgBGAE8AAAAAAL0E7/4AAAEABgAEAAMAgmQAAAAAAAAAAD8AAAAAAAAABAAAAAIAAAAAAAAAAAAAAAAAAABEAAAAAQBWAGEAcgBGAGkAbABlAEkAbgBmAG8AAAAAACQABAAAAFQAcgBhAG4AcwBsAGEAdABpAG8AbgAAAAAAAACwBIwDAAABAFMAdAByAGkAbgBnAEYAaQBsAGUASQBuAGYAbwAAAGgDAAABADAAMAAwADAAMAA0AGIAMAAAAD4AEwABAEMAbwBtAG0AZQBuAHQAcwAAAFMAeQBzAHQAZQBtAC4ATgBlAHQALgBTAG8AYwBrAGUAdABzAAAAAABMABYAAQBDAG8AbQBwAGEAbgB5AE4AYQBtAGUAAAAAAE0AaQBjAHIAbwBzAG8AZgB0ACAAQwBvAHIAcABvAHIAYQB0AGkAbwBuAAAATgATAAEARgBpAGwAZQBEAGUAcwBjAHIAaQBwAHQAaQBvAG4AAAAAAFMAeQBzAHQAZQBtAC4ATgBlAHQALgBTAG8AYwBrAGUAdABzAAAAAAA6AA0AAQBGAGkAbABlAFYAZQByAHMAaQBvAG4AAAAAADQALgA2AC4AMgA1ADcAMwAwAC4AMAAzAAAAAABOABcAAQBJAG4AdABlAHIAbgBhAGwATgBhAG0AZQAAAFMAeQBzAHQAZQBtAC4ATgBlAHQALgBTAG8AYwBrAGUAdABzAC4AZABsAGwAAAAAAIIALwABAEwAZQBnAGEAbABDAG8AcAB5AHIAaQBnAGgAdAAAAKkAIABNAGkAYwByAG8AcwBvAGYAdAAgAEMAbwByAHAAbwByAGEAdABpAG8AbgAuACAAIABBAGwAbAAgAHIAaQBnAGgAdABzACAAcgBlAHMAZQByAHYAZQBkAC4AAAAAAFYAFwABAE8AcgBpAGcAaQBuAGEAbABGAGkAbABlAG4AYQBtAGUAAABTAHkAcwB0AGUAbQAuAE4AZQB0AC4AUwBvAGMAawBlAHQAcwAuAGQAbABsAAAAAABUABoAAQBQAHIAbwBkAHUAYwB0AE4AYQBtAGUAAAAAAE0AaQBjAHIAbwBzAG8AZgB0AK4AIAAuAE4ARQBUACAARgByAGEAbQBlAHcAbwByAGsAAAB+AC0AAQBQAHIAbwBkAHUAYwB0AFYAZQByAHMAaQBvAG4AAAA0AC4ANgAuADIANQA3ADMAMAAuADAAMwAgAGIAdQBpAGwAdAAgAGIAeQA6ACAAZABsAGEAYgAtAEQARABWAFMATwBXAEkATgBBAEcARQAwADQANAAuACAAAAAAADgACAABAEEAcwBzAGUAbQBiAGwAeQAgAFYAZQByAHMAaQBvAG4AAAA0AC4AMgAuADEALgAwAAAA","PDBNotPresent","","v4.0.30319"
"System.Security.Principal.Windows, Version=4.1.1.0, Culture=neutral, PublicKeyToken=b03f5f7f11d50a3a","","1506805506","nAQ0AAAAVgBTAF8AVgBFAFIAUwBJAE8ATgBfAEkATgBGAE8AAAAAAL0E7/4AAAEABgAEAAMAgmQAAAAAAAAAAD8AAAAAAAAABAAAAAIAAAAAAAAAAAAAAAAAAABEAAAAAQBWAGEAcgBGAGkAbABlAEkAbgBmAG8AAAAAACQABAAAAFQAcgBhAG4AcwBsAGEAdABpAG8AbgAAAAAAAACwBPwDAAABAFMAdAByAGkAbgBnAEYAaQBsAGUASQBuAGYAbwAAANgDAAABADAAMAAwADAAMAA0AGIAMAAAAFwAIgABAEMAbwBtAG0AZQBuAHQAcwAAAFMAeQBzAHQAZQBtAC4AUwBlAGMAdQByAGkAdAB5AC4AUAByAGkAbgBjAGkAcABhAGwALgBXAGkAbgBkAG8AdwBzAAAATAAWAAEAQwBvAG0AcABhAG4AeQBOAGEAbQBlAAAAAABNAGkAYwByAG8AcwBvAGYAdAAgAEMAbwByAHAAbwByAGEAdABpAG8AbgAAAGwAIgABAEYAaQBsAGUARABlAHMAYwByAGkAcAB0AGkAbwBuAAAAAABTAHkAcwB0AGUAbQAuAFMAZQBjAHUAcgBpAHQAeQAuAFAAcgBpAG4AYwBpAHAAYQBsAC4AVwBpAG4AZABvAHcAcwAAADoADQABAEYAaQBsAGUAVgBlAHIAcwBpAG8AbgAAAAAANAAuADYALgAyADUANwAzADAALgAwADMAAAAAAGwAJgABAEkAbgB0AGUAcgBuAGEAbABOAGEAbQBlAAAAUwB5AHMAdABlAG0ALgBTAGUAYwB1AHIAaQB0AHkALgBQAHIAaQBuAGMAaQBwAGEAbAAuAFcAaQBuAGQAbwB3AHMALgBkAGwAbAAAAIIALwABAEwAZQBnAGEAbABDAG8AcAB5AHIAaQBnAGgAdAAAAKkAIABNAGkAYwByAG8AcwBvAGYAdAAgAEMAbwByAHAAbwByAGEAdABpAG8AbgAuACAAIABBAGwAbAAgAHIAaQBnAGgAdABzACAAcgBlAHMAZQByAHYAZQBkAC4AAAAAAHQAJgABAE8AcgBpAGcAaQBuAGEAbABGAGkAbABlAG4AYQBtAGUAAABTAHkAcwB0AGUAbQAuAFMAZQBjAHUAcgBpAHQAeQAuAFAAcgBpAG4AYwBpAHAAYQBsAC4AVwBpAG4AZABvAHcAcwAuAGQAbABsAAAAVAAaAAEAUAByAG8AZAB1AGMAdABOAGEAbQBlAAAAAABNAGkAYwByAG8AcwBvAGYAdACuACAALgBOAEUAVAAgAEYAcgBhAG0AZQB3AG8AcgBrAAAAfgAtAAEAUAByAG8AZAB1AGMAdABWAGUAcgBzAGkAbwBuAAAANAAuADYALgAyADUANwAzADAALgAwADMAIABiAHUAaQBsAHQAIABiAHkAOgAgAGQAbABhAGIALQBEAEQAVgBTAE8AVwBJAE4AQQBHAEUAMAA0ADQALgAgAAAAAAA4AAgAAQBBAHMAcwBlAG0AYgBsAHkAIABWAGUAcgBzAGkAbwBuAAAANAAuADEALgAxAC4AMAAAAA==","PDBNotPresent","","v4.0.30319"
"System.Threading.Thread, Version=4.1.1.0, Culture=neutral, PublicKeyToken=b03f5f7f11d50a3a","","1506805475","TAQ0AAAAVgBTAF8AVgBFAFIAUwBJAE8ATgBfAEkATgBGAE8AAAAAAL0E7/4AAAEABgAEAAMAgmQAAAAAAAAAAD8AAAAAAAAABAAAAAIAAAAAAAAAAAAAAAAAAABEAAAAAQBWAGEAcgBGAGkAbABlAEkAbgBmAG8AAAAAACQABAAAAFQAcgBhAG4AcwBsAGEAdABpAG8AbgAAAAAAAACwBKwDAAABAFMAdAByAGkAbgBnAEYAaQBsAGUASQBuAGYAbwAAAIgDAAABADAAMAAwADAAMAA0AGIAMAAAAEgAGAABAEMAbwBtAG0AZQBuAHQAcwAAAFMAeQBzAHQAZQBtAC4AVABoAHIAZQBhAGQAaQBuAGcALgBUAGgAcgBlAGEAZAAAAEwAFgABAEMAbwBtAHAAYQBuAHkATgBhAG0AZQAAAAAATQBpAGMAcgBvAHMAbwBmAHQAIABDAG8AcgBwAG8AcgBhAHQAaQBvAG4AAABYABgAAQBGAGkAbABlAEQAZQBzAGMAcgBpAHAAdABpAG8AbgAAAAAAUwB5AHMAdABlAG0ALgBUAGgAcgBlAGEAZABpAG4AZwAuAFQAaAByAGUAYQBkAAAAOgANAAEARgBpAGwAZQBWAGUAcgBzAGkAbwBuAAAAAAA0AC4ANgAuADIANQA3ADMAMAAuADAAMwAAAAAAWAAcAAEASQBuAHQAZQByAG4AYQBsAE4AYQBtAGUAAABTAHkAcwB0AGUAbQAuAFQAaAByAGUAYQBkAGkAbgBnAC4AVABoAHIAZQBhAGQALgBkAGwAbAAAAIIALwABAEwAZQBnAGEAbABDAG8AcAB5AHIAaQBnAGgAdAAAAKkAIABNAGkAYwByAG8AcwBvAGYAdAAgAEMAbwByAHAAbwByAGEAdABpAG8AbgAuACAAIABBAGwAbAAgAHIAaQBnAGgAdABzACAAcgBlAHMAZQByAHYAZQBkAC4AAAAAAGAAHAABAE8AcgBpAGcAaQBuAGEAbABGAGkAbABlAG4AYQBtAGUAAABTAHkAcwB0AGUAbQAuAFQAaAByAGUAYQBkAGkAbgBnAC4AVABoAHIAZQBhAGQALgBkAGwAbAAAAFQAGgABAFAAcgBvAGQAdQBjAHQATgBhAG0AZQAAAAAATQBpAGMAcgBvAHMAbwBmAHQArgAgAC4ATgBFAFQAIABGAHIAYQBtAGUAdwBvAHIAawAAAH4ALQABAFAAcgBvAGQAdQBjAHQAVgBlAHIAcwBpAG8AbgAAADQALgA2AC4AMgA1ADcAMwAwAC4AMAAzACAAYgB1AGkAbAB0ACAAYgB5ADoAIABkAGwAYQBiAC0ARABEAFYAUwBPAFcASQBOAEEARwBFADAANAA0AC4AIAAAAAAAOAAIAAEAQQBzAHMAZQBtAGIAbAB5ACAAVgBlAHIAcwBpAG8AbgAAADQALgAxAC4AMQAuADAAAAA=","PDBNotPresent","","v4.0.30319"
"Microsoft.Win32.Primitives, Version=4.1.1.0, Culture=neutral, PublicKeyToken=b03f5f7f11d50a3a","","1506805488","bAQ0AAAAVgBTAF8AVgBFAFIAUwBJAE8ATgBfAEkATgBGAE8AAAAAAL0E7/4AAAEABgAEAAMAgmQAAAAAAAAAAD8AAAAAAAAABAAAAAIAAAAAAAAAAAAAAAAAAABEAAAAAQBWAGEAcgBGAGkAbABlAEkAbgBmAG8AAAAAACQABAAAAFQAcgBhAG4AcwBsAGEAdABpAG8AbgAAAAAAAACwBMwDAAABAFMAdAByAGkAbgBnAEYAaQBsAGUASQBuAGYAbwAAAKgDAAABADAAMAAwADAAMAA0AGIAMAAAAE4AGwABAEMAbwBtAG0AZQBuAHQAcwAAAE0AaQBjAHIAbwBzAG8AZgB0AC4AVwBpAG4AMwAyAC4AUAByAGkAbQBpAHQAaQB2AGUAcwAAAAAATAAWAAEAQwBvAG0AcABhAG4AeQBOAGEAbQBlAAAAAABNAGkAYwByAG8AcwBvAGYAdAAgAEMAbwByAHAAbwByAGEAdABpAG8AbgAAAF4AGwABAEYAaQBsAGUARABlAHMAYwByAGkAcAB0AGkAbwBuAAAAAABNAGkAYwByAG8AcwBvAGYAdAAuAFcAaQBuADMAMgAuAFAAcgBpAG0AaQB0AGkAdgBlAHMAAAAAADoADQABAEYAaQBsAGUAVgBlAHIAcwBpAG8AbgAAAAAANAAuADYALgAyADUANwAzADAALgAwADMAAAAAAF4AHwABAEkAbgB0AGUAcgBuAGEAbABOAGEAbQBlAAAATQBpAGMAcgBvAHMAbwBmAHQALgBXAGkAbgAzADIALgBQAHIAaQBtAGkAdABpAHYAZQBzAC4AZABsAGwAAAAAAIIALwABAEwAZQBnAGEAbABDAG8AcAB5AHIAaQBnAGgAdAAAAKkAIABNAGkAYwByAG8AcwBvAGYAdAAgAEMAbwByAHAAbwByAGEAdABpAG8AbgAuACAAIABBAGwAbAAgAHIAaQBnAGgAdABzACAAcgBlAHMAZQByAHYAZQBkAC4AAAAAAGYAHwABAE8AcgBpAGcAaQBuAGEAbABGAGkAbABlAG4AYQBtAGUAAABNAGkAYwByAG8AcwBvAGYAdAAuAFcAaQBuADMAMgAuAFAAcgBpAG0AaQB0AGkAdgBlAHMALgBkAGwAbAAAAAAAVAAaAAEAUAByAG8AZAB1AGMAdABOAGEAbQBlAAAAAABNAGkAYwByAG8AcwBvAGYAdACuACAALgBOAEUAVAAgAEYAcgBhAG0AZQB3AG8AcgBrAAAAfgAtAAEAUAByAG8AZAB1AGMAdABWAGUAcgBzAGkAbwBuAAAANAAuADYALgAyADUANwAzADAALgAwADMAIABiAHUAaQBsAHQAIABiAHkAOgAgAGQAbABhAGIALQBEAEQAVgBTAE8AVwBJAE4AQQBHAEUAMAA0ADQALgAgAAAAAAA4AAgAAQBBAHMAcwBlAG0AYgBsAHkAIABWAGUAcgBzAGkAbwBuAAAANAAuADEALgAxAC4AMAAAAA==","PDBNotPresent","","v4.0.30319"
"System.Diagnostics.TraceSource, Version=4.1.1.0, Culture=neutral, PublicKeyToken=b03f5f7f11d50a3a","","1506805492","jAQ0AAAAVgBTAF8AVgBFAFIAUwBJAE8ATgBfAEkATgBGAE8AAAAAAL0E7/4AAAEABgAEAAMAgmQAAAAAAAAAAD8AAAAAAAAABAAAAAIAAAAAAAAAAAAAAAAAAABEAAAAAQBWAGEAcgBGAGkAbABlAEkAbgBmAG8AAAAAACQABAAAAFQAcgBhAG4AcwBsAGEAdABpAG8AbgAAAAAAAACwBOwDAAABAFMAdAByAGkAbgBnAEYAaQBsAGUASQBuAGYAbwAAAMgDAAABADAAMAAwADAAMAA0AGIAMAAAAFYAHwABAEMAbwBtAG0AZQBuAHQAcwAAAFMAeQBzAHQAZQBtAC4ARABpAGEAZwBuAG8AcwB0AGkAYwBzAC4AVAByAGEAYwBlAFMAbwB1AHIAYwBlAAAAAABMABYAAQBDAG8AbQBwAGEAbgB5AE4AYQBtAGUAAAAAAE0AaQBjAHIAbwBzAG8AZgB0ACAAQwBvAHIAcABvAHIAYQB0AGkAbwBuAAAAZgAfAAEARgBpAGwAZQBEAGUAcwBjAHIAaQBwAHQAaQBvAG4AAAAAAFMAeQBzAHQAZQBtAC4ARABpAGEAZwBuAG8AcwB0AGkAYwBzAC4AVAByAGEAYwBlAFMAbwB1AHIAYwBlAAAAAAA6AA0AAQBGAGkAbABlAFYAZQByAHMAaQBvAG4AAAAAADQALgA2AC4AMgA1ADcAMwAwAC4AMAAzAAAAAABmACMAAQBJAG4AdABlAHIAbgBhAGwATgBhAG0AZQAAAFMAeQBzAHQAZQBtAC4ARABpAGEAZwBuAG8AcwB0AGkAYwBzAC4AVAByAGEAYwBlAFMAbwB1AHIAYwBlAC4AZABsAGwAAAAAAIIALwABAEwAZQBnAGEAbABDAG8AcAB5AHIAaQBnAGgAdAAAAKkAIABNAGkAYwByAG8AcwBvAGYAdAAgAEMAbwByAHAAbwByAGEAdABpAG8AbgAuACAAIABBAGwAbAAgAHIAaQBnAGgAdABzACAAcgBlAHMAZQByAHYAZQBkAC4AAAAAAG4AIwABAE8AcgBpAGcAaQBuAGEAbABGAGkAbABlAG4AYQBtAGUAAABTAHkAcwB0AGUAbQAuAEQAaQBhAGcAbgBvAHMAdABpAGMAcwAuAFQAcgBhAGMAZQBTAG8AdQByAGMAZQAuAGQAbABsAAAAAABUABoAAQBQAHIAbwBkAHUAYwB0AE4AYQBtAGUAAAAAAE0AaQBjAHIAbwBzAG8AZgB0AK4AIAAuAE4ARQBUACAARgByAGEAbQBlAHcAbwByAGsAAAB+AC0AAQBQAHIAbwBkAHUAYwB0AFYAZQByAHMAaQBvAG4AAAA0AC4ANgAuADIANQA3ADMAMAAuADAAMwAgAGIAdQBpAGwAdAAgAGIAeQA6ACAAZABsAGEAYgAtAEQARABWAFMATwBXAEkATgBBAEcARQAwADQANAAuACAAAAAAADgACAABAEEAcwBzAGUAbQBiAGwAeQAgAFYAZQByAHMAaQBvAG4AAAA0AC4AMQAuADEALgAwAAAA","PDBNotPresent","","v4.0.30319"
"System.Threading.Tasks.Extensions, Version=4.1.2.0, Culture=neutral, PublicKeyToken=cc7b13ffcd2ddd51","","1506805462","nAQ0AAAAVgBTAF8AVgBFAFIAUwBJAE8ATgBfAEkATgBGAE8AAAAAAL0E7/4AAAEABgAEAAMAgmQAAAAAAAAAAD8AAAAAAAAABAAAAAIAAAAAAAAAAAAAAAAAAABEAAAAAQBWAGEAcgBGAGkAbABlAEkAbgBmAG8AAAAAACQABAAAAFQAcgBhAG4AcwBsAGEAdABpAG8AbgAAAAAAAACwBPwDAAABAFMAdAByAGkAbgBnAEYAaQBsAGUASQBuAGYAbwAAANgDAAABADAAMAAwADAAMAA0AGIAMAAAAFwAIgABAEMAbwBtAG0AZQBuAHQAcwAAAFMAeQBzAHQAZQBtAC4AVABoAHIAZQBhAGQAaQBuAGcALgBUAGEAcwBrAHMALgBFAHgAdABlAG4AcwBpAG8AbgBzAAAATAAWAAEAQwBvAG0AcABhAG4AeQBOAGEAbQBlAAAAAABNAGkAYwByAG8AcwBvAGYAdAAgAEMAbwByAHAAbwByAGEAdABpAG8AbgAAAGwAIgABAEYAaQBsAGUARABlAHMAYwByAGkAcAB0AGkAbwBuAAAAAABTAHkAcwB0AGUAbQAuAFQAaAByAGUAYQBkAGkAbgBnAC4AVABhAHMAawBzAC4ARQB4AHQAZQBuAHMAaQBvAG4AcwAAADoADQABAEYAaQBsAGUAVgBlAHIAcwBpAG8AbgAAAAAANAAuADYALgAyADUANwAzADAALgAwADMAAAAAAGwAJgABAEkAbgB0AGUAcgBuAGEAbABOAGEAbQBlAAAAUwB5AHMAdABlAG0ALgBUAGgAcgBlAGEAZABpAG4AZwAuAFQAYQBzAGsAcwAuAEUAeAB0AGUAbgBzAGkAbwBuAHMALgBkAGwAbAAAAIIALwABAEwAZQBnAGEAbABDAG8AcAB5AHIAaQBnAGgAdAAAAKkAIABNAGkAYwByAG8AcwBvAGYAdAAgAEMAbwByAHAAbwByAGEAdABpAG8AbgAuACAAIABBAGwAbAAgAHIAaQBnAGgAdABzACAAcgBlAHMAZQByAHYAZQBkAC4AAAAAAHQAJgABAE8AcgBpAGcAaQBuAGEAbABGAGkAbABlAG4AYQBtAGUAAABTAHkAcwB0AGUAbQAuAFQAaAByAGUAYQBkAGkAbgBnAC4AVABhAHMAawBzAC4ARQB4AHQAZQBuAHMAaQBvAG4AcwAuAGQAbABsAAAAVAAaAAEAUAByAG8AZAB1AGMAdABOAGEAbQBlAAAAAABNAGkAYwByAG8AcwBvAGYAdACuACAALgBOAEUAVAAgAEYAcgBhAG0AZQB3AG8AcgBrAAAAfgAtAAEAUAByAG8AZAB1AGMAdABWAGUAcgBzAGkAbwBuAAAANAAuADYALgAyADUANwAzADAALgAwADMAIABiAHUAaQBsAHQAIABiAHkAOgAgAGQAbABhAGIALQBEAEQAVgBTAE8AVwBJAE4AQQBHAEUAMAA0ADQALgAgAAAAAAA4AAgAAQBBAHMAcwBlAG0AYgBsAHkAIABWAGUAcgBzAGkAbwBuAAAANAAuADEALgAyAC4AMAAAAA==","PDBNotPresent","","v4.0.30319"
"System.Console, Version=4.1.1.0, Culture=neutral, PublicKeyToken=b03f5f7f11d50a3a","","1506805490","DAQ0AAAAVgBTAF8AVgBFAFIAUwBJAE8ATgBfAEkATgBGAE8AAAAAAL0E7/4AAAEABgAEAAMAgmQAAAAAAAAAAD8AAAAAAAAABAAAAAIAAAAAAAAAAAAAAAAAAABEAAAAAQBWAGEAcgBGAGkAbABlAEkAbgBmAG8AAAAAACQABAAAAFQAcgBhAG4AcwBsAGEAdABpAG8AbgAAAAAAAACwBGwDAAABAFMAdAByAGkAbgBnAEYAaQBsAGUASQBuAGYAbwAAAEgDAAABADAAMAAwADAAMAA0AGIAMAAAADYADwABAEMAbwBtAG0AZQBuAHQAcwAAAFMAeQBzAHQAZQBtAC4AQwBvAG4AcwBvAGwAZQAAAAAATAAWAAEAQwBvAG0AcABhAG4AeQBOAGEAbQBlAAAAAABNAGkAYwByAG8AcwBvAGYAdAAgAEMAbwByAHAAbwByAGEAdABpAG8AbgAAAEYADwABAEYAaQBsAGUARABlAHMAYwByAGkAcAB0AGkAbwBuAAAAAABTAHkAcwB0AGUAbQAuAEMAbwBuAHMAbwBsAGUAAAAAADoADQABAEYAaQBsAGUAVgBlAHIAcwBpAG8AbgAAAAAANAAuADYALgAyADUANwAzADAALgAwADMAAAAAAEYAEwABAEkAbgB0AGUAcgBuAGEAbABOAGEAbQBlAAAAUwB5AHMAdABlAG0ALgBDAG8AbgBzAG8AbABlAC4AZABsAGwAAAAAAIIALwABAEwAZQBnAGEAbABDAG8AcAB5AHIAaQBnAGgAdAAAAKkAIABNAGkAYwByAG8AcwBvAGYAdAAgAEMAbwByAHAAbwByAGEAdABpAG8AbgAuACAAIABBAGwAbAAgAHIAaQBnAGgAdABzACAAcgBlAHMAZQByAHYAZQBkAC4AAAAAAE4AEwABAE8AcgBpAGcAaQBuAGEAbABGAGkAbABlAG4AYQBtAGUAAABTAHkAcwB0AGUAbQAuAEMAbwBuAHMAbwBsAGUALgBkAGwAbAAAAAAAVAAaAAEAUAByAG8AZAB1AGMAdABOAGEAbQBlAAAAAABNAGkAYwByAG8AcwBvAGYAdACuACAALgBOAEUAVAAgAEYAcgBhAG0AZQB3AG8AcgBrAAAAfgAtAAEAUAByAG8AZAB1AGMAdABWAGUAcgBzAGkAbwBuAAAANAAuADYALgAyADUANwAzADAALgAwADMAIABiAHUAaQBsAHQAIABiAHkAOgAgAGQAbABhAGIALQBEAEQAVgBTAE8AVwBJAE4AQQBHAEUAMAA0ADQALgAgAAAAAAA4AAgAAQBBAHMAcwBlAG0AYgBsAHkAIABWAGUAcgBzAGkAbwBuAAAANAAuADEALgAxAC4AMAAAAA==","PDBNotPresent","","v4.0.30319"
"System.Drawing.Primitives, Version=4.2.0.0, Culture=neutral, PublicKeyToken=b03f5f7f11d50a3a","","1506805492","XAQ0AAAAVgBTAF8AVgBFAFIAUwBJAE8ATgBfAEkATgBGAE8AAAAAAL0E7/4AAAEABgAEAAMAgmQAAAAAAAAAAD8AAAAAAAAABAAAAAIAAAAAAAAAAAAAAAAAAABEAAAAAQBWAGEAcgBGAGkAbABlAEkAbgBmAG8AAAAAACQABAAAAFQAcgBhAG4AcwBsAGEAdABpAG8AbgAAAAAAAACwBLwDAAABAFMAdAByAGkAbgBnAEYAaQBsAGUASQBuAGYAbwAAAJgDAAABADAAMAAwADAAMAA0AGIAMAAAAEwAGgABAEMAbwBtAG0AZQBuAHQAcwAAAFMAeQBzAHQAZQBtAC4ARAByAGEAdwBpAG4AZwAuAFAAcgBpAG0AaQB0AGkAdgBlAHMAAABMABYAAQBDAG8AbQBwAGEAbgB5AE4AYQBtAGUAAAAAAE0AaQBjAHIAbwBzAG8AZgB0ACAAQwBvAHIAcABvAHIAYQB0AGkAbwBuAAAAXAAaAAEARgBpAGwAZQBEAGUAcwBjAHIAaQBwAHQAaQBvAG4AAAAAAFMAeQBzAHQAZQBtAC4ARAByAGEAdwBpAG4AZwAuAFAAcgBpAG0AaQB0AGkAdgBlAHMAAAA6AA0AAQBGAGkAbABlAFYAZQByAHMAaQBvAG4AAAAAADQALgA2AC4AMgA1ADcAMwAwAC4AMAAzAAAAAABcAB4AAQBJAG4AdABlAHIAbgBhAGwATgBhAG0AZQAAAFMAeQBzAHQAZQBtAC4ARAByAGEAdwBpAG4AZwAuAFAAcgBpAG0AaQB0AGkAdgBlAHMALgBkAGwAbAAAAIIALwABAEwAZQBnAGEAbABDAG8AcAB5AHIAaQBnAGgAdAAAAKkAIABNAGkAYwByAG8AcwBvAGYAdAAgAEMAbwByAHAAbwByAGEAdABpAG8AbgAuACAAIABBAGwAbAAgAHIAaQBnAGgAdABzACAAcgBlAHMAZQByAHYAZQBkAC4AAAAAAGQAHgABAE8AcgBpAGcAaQBuAGEAbABGAGkAbABlAG4AYQBtAGUAAABTAHkAcwB0AGUAbQAuAEQAcgBhAHcAaQBuAGcALgBQAHIAaQBtAGkAdABpAHYAZQBzAC4AZABsAGwAAABUABoAAQBQAHIAbwBkAHUAYwB0AE4AYQBtAGUAAAAAAE0AaQBjAHIAbwBzAG8AZgB0AK4AIAAuAE4ARQBUACAARgByAGEAbQBlAHcAbwByAGsAAAB+AC0AAQBQAHIAbwBkAHUAYwB0AFYAZQByAHMAaQBvAG4AAAA0AC4ANgAuADIANQA3ADMAMAAuADAAMwAgAGIAdQBpAGwAdAAgAGIAeQA6ACAAZABsAGEAYgAtAEQARABWAFMATwBXAEkATgBBAEcARQAwADQANAAuACAAAAAAADgACAABAEEAcwBzAGUAbQBiAGwAeQAgAFYAZQByAHMAaQBvAG4AAAA0AC4AMgAuADAALgAwAAAA","PDBNotPresent","","v4.0.30319"
"System.ComponentModel.Primitives, Version=4.2.1.0, Culture=neutral, PublicKeyToken=b03f5f7f11d50a3a","","1506805488","nAQ0AAAAVgBTAF8AVgBFAFIAUwBJAE8ATgBfAEkATgBGAE8AAAAAAL0E7/4AAAEABgAEAAMAgmQAAAAAAAAAAD8AAAAAAAAABAAAAAIAAAAAAAAAAAAAAAAAAABEAAAAAQBWAGEAcgBGAGkAbABlAEkAbgBmAG8AAAAAACQABAAAAFQAcgBhAG4AcwBsAGEAdABpAG8AbgAAAAAAAACwBPwDAAABAFMAdAByAGkAbgBnAEYAaQBsAGUASQBuAGYAbwAAANgDAAABADAAMAAwADAAMAA0AGIAMAAAAFoAIQABAEMAbwBtAG0AZQBuAHQAcwAAAFMAeQBzAHQAZQBtAC4AQwBvAG0AcABvAG4AZQBuAHQATQBvAGQAZQBsAC4AUAByAGkAbQBpAHQAaQB2AGUAcwAAAAAATAAWAAEAQwBvAG0AcABhAG4AeQBOAGEAbQBlAAAAAABNAGkAYwByAG8AcwBvAGYAdAAgAEMAbwByAHAAbwByAGEAdABpAG8AbgAAAGoAIQABAEYAaQBsAGUARABlAHMAYwByAGkAcAB0AGkAbwBuAAAAAABTAHkAcwB0AGUAbQAuAEMAbwBtAHAAbwBuAGUAbgB0AE0AbwBkAGUAbAAuAFAAcgBpAG0AaQB0AGkAdgBlAHMAAAAAADoADQABAEYAaQBsAGUAVgBlAHIAcwBpAG8AbgAAAAAANAAuADYALgAyADUANwAzADAALgAwADMAAAAAAGoAJQABAEkAbgB0AGUAcgBuAGEAbABOAGEAbQBlAAAAUwB5AHMAdABlAG0ALgBDAG8AbQBwAG8AbgBlAG4AdABNAG8AZABlAGwALgBQAHIAaQBtAGkAdABpAHYAZQBzAC4AZABsAGwAAAAAAIIALwABAEwAZQBnAGEAbABDAG8AcAB5AHIAaQBnAGgAdAAAAKkAIABNAGkAYwByAG8AcwBvAGYAdAAgAEMAbwByAHAAbwByAGEAdABpAG8AbgAuACAAIABBAGwAbAAgAHIAaQBnAGgAdABzACAAcgBlAHMAZQByAHYAZQBkAC4AAAAAAHIAJQABAE8AcgBpAGcAaQBuAGEAbABGAGkAbABlAG4AYQBtAGUAAABTAHkAcwB0AGUAbQAuAEMAbwBtAHAAbwBuAGUAbgB0AE0AbwBkAGUAbAAuAFAAcgBpAG0AaQB0AGkAdgBlAHMALgBkAGwAbAAAAAAAVAAaAAEAUAByAG8AZAB1AGMAdABOAGEAbQBlAAAAAABNAGkAYwByAG8AcwBvAGYAdACuACAALgBOAEUAVAAgAEYAcgBhAG0AZQB3AG8AcgBrAAAAfgAtAAEAUAByAG8AZAB1AGMAdABWAGUAcgBzAGkAbwBuAAAANAAuADYALgAyADUANwAzADAALgAwADMAIABiAHUAaQBsAHQAIABiAHkAOgAgAGQAbABhAGIALQBEAEQAVgBTAE8AVwBJAE4AQQBHAEUAMAA0ADQALgAgAAAAAAA4AAgAAQBBAHMAcwBlAG0AYgBsAHkAIABWAGUAcgBzAGkAbwBuAAAANAAuADIALgAxAC4AMAAAAA==","PDBNotPresent","","v4.0.30319"
"System.ComponentModel, Version=4.0.3.0, Culture=neutral, PublicKeyToken=b03f5f7f11d50a3a","","1506805490","PAQ0AAAAVgBTAF8AVgBFAFIAUwBJAE8ATgBfAEkATgBGAE8AAAAAAL0E7/4AAAEABgAEAAMAgmQAAAAAAAAAAD8AAAAAAAAABAAAAAIAAAAAAAAAAAAAAAAAAABEAAAAAQBWAGEAcgBGAGkAbABlAEkAbgBmAG8AAAAAACQABAAAAFQAcgBhAG4AcwBsAGEAdABpAG8AbgAAAAAAAACwBJwDAAABAFMAdAByAGkAbgBnAEYAaQBsAGUASQBuAGYAbwAAAHgDAAABADAAMAAwADAAMAA0AGIAMAAAAEQAFgABAEMAbwBtAG0AZQBuAHQAcwAAAFMAeQBzAHQAZQBtAC4AQwBvAG0AcABvAG4AZQBuAHQATQBvAGQAZQBsAAAATAAWAAEAQwBvAG0AcABhAG4AeQBOAGEAbQBlAAAAAABNAGkAYwByAG8AcwBvAGYAdAAgAEMAbwByAHAAbwByAGEAdABpAG8AbgAAAFQAFgABAEYAaQBsAGUARABlAHMAYwByAGkAcAB0AGkAbwBuAAAAAABTAHkAcwB0AGUAbQAuAEMAbwBtAHAAbwBuAGUAbgB0AE0AbwBkAGUAbAAAADoADQABAEYAaQBsAGUAVgBlAHIAcwBpAG8AbgAAAAAANAAuADYALgAyADUANwAzADAALgAwADMAAAAAAFQAGgABAEkAbgB0AGUAcgBuAGEAbABOAGEAbQBlAAAAUwB5AHMAdABlAG0ALgBDAG8AbQBwAG8AbgBlAG4AdABNAG8AZABlAGwALgBkAGwAbAAAAIIALwABAEwAZQBnAGEAbABDAG8AcAB5AHIAaQBnAGgAdAAAAKkAIABNAGkAYwByAG8AcwBvAGYAdAAgAEMAbwByAHAAbwByAGEAdABpAG8AbgAuACAAIABBAGwAbAAgAHIAaQBnAGgAdABzACAAcgBlAHMAZQByAHYAZQBkAC4AAAAAAFwAGgABAE8AcgBpAGcAaQBuAGEAbABGAGkAbABlAG4AYQBtAGUAAABTAHkAcwB0AGUAbQAuAEMAbwBtAHAAbwBuAGUAbgB0AE0AbwBkAGUAbAAuAGQAbABsAAAAVAAaAAEAUAByAG8AZAB1AGMAdABOAGEAbQBlAAAAAABNAGkAYwByAG8AcwBvAGYAdACuACAALgBOAEUAVAAgAEYAcgBhAG0AZQB3AG8AcgBrAAAAfgAtAAEAUAByAG8AZAB1AGMAdABWAGUAcgBzAGkAbwBuAAAANAAuADYALgAyADUANwAzADAALgAwADMAIABiAHUAaQBsAHQAIABiAHkAOgAgAGQAbABhAGIALQBEAEQAVgBTAE8AVwBJAE4AQQBHAEUAMAA0ADQALgAgAAAAAAA4AAgAAQBBAHMAcwBlAG0AYgBsAHkAIABWAGUAcgBzAGkAbwBuAAAANAAuADAALgAzAC4AMAAAAA==","PDBNotPresent","","v4.0.30319"
"System.Resources.Writer, Version=4.1.1.0, Culture=neutral, PublicKeyToken=b03f5f7f11d50a3a","","1506805500","TAQ0AAAAVgBTAF8AVgBFAFIAUwBJAE8ATgBfAEkATgBGAE8AAAAAAL0E7/4AAAEABgAEAAMAgmQAAAAAAAAAAD8AAAAAAAAABAAAAAIAAAAAAAAAAAAAAAAAAABEAAAAAQBWAGEAcgBGAGkAbABlAEkAbgBmAG8AAAAAACQABAAAAFQAcgBhAG4AcwBsAGEAdABpAG8AbgAAAAAAAACwBKwDAAABAFMAdAByAGkAbgBnAEYAaQBsAGUASQBuAGYAbwAAAIgDAAABADAAMAAwADAAMAA0AGIAMAAAAEgAGAABAEMAbwBtAG0AZQBuAHQAcwAAAFMAeQBzAHQAZQBtAC4AUgBlAHMAbwB1AHIAYwBlAHMALgBXAHIAaQB0AGUAcgAAAEwAFgABAEMAbwBtAHAAYQBuAHkATgBhAG0AZQAAAAAATQBpAGMAcgBvAHMAbwBmAHQAIABDAG8AcgBwAG8AcgBhAHQAaQBvAG4AAABYABgAAQBGAGkAbABlAEQAZQBzAGMAcgBpAHAAdABpAG8AbgAAAAAAUwB5AHMAdABlAG0ALgBSAGUAcwBvAHUAcgBjAGUAcwAuAFcAcgBpAHQAZQByAAAAOgANAAEARgBpAGwAZQBWAGUAcgBzAGkAbwBuAAAAAAA0AC4ANgAuADIANQA3ADMAMAAuADAAMwAAAAAAWAAcAAEASQBuAHQAZQByAG4AYQBsAE4AYQBtAGUAAABTAHkAcwB0AGUAbQAuAFIAZQBzAG8AdQByAGMAZQBzAC4AVwByAGkAdABlAHIALgBkAGwAbAAAAIIALwABAEwAZQBnAGEAbABDAG8AcAB5AHIAaQBnAGgAdAAAAKkAIABNAGkAYwByAG8AcwBvAGYAdAAgAEMAbwByAHAAbwByAGEAdABpAG8AbgAuACAAIABBAGwAbAAgAHIAaQBnAGgAdABzACAAcgBlAHMAZQByAHYAZQBkAC4AAAAAAGAAHAABAE8AcgBpAGcAaQBuAGEAbABGAGkAbABlAG4AYQBtAGUAAABTAHkAcwB0AGUAbQAuAFIAZQBzAG8AdQByAGMAZQBzAC4AVwByAGkAdABlAHIALgBkAGwAbAAAAFQAGgABAFAAcgBvAGQAdQBjAHQATgBhAG0AZQAAAAAATQBpAGMAcgBvAHMAbwBmAHQArgAgAC4ATgBFAFQAIABGAHIAYQBtAGUAdwBvAHIAawAAAH4ALQABAFAAcgBvAGQAdQBjAHQAVgBlAHIAcwBpAG8AbgAAADQALgA2AC4AMgA1ADcAMwAwAC4AMAAzACAAYgB1AGkAbAB0ACAAYgB5ADoAIABkAGwAYQBiAC0ARABEAFYAUwBPAFcASQBOAEEARwBFADAANAA0AC4AIAAAAAAAOAAIAAEAQQBzAHMAZQBtAGIAbAB5ACAAVgBlAHIAcwBpAG8AbgAAADQALgAxAC4AMQAuADAAAAA=","PDBNotPresent","","v4.0.30319"
"System.IO.FileSystem, Version=4.1.1.0, Culture=neutral, PublicKeyToken=b03f5f7f11d50a3a","","1506805493","PAQ0AAAAVgBTAF8AVgBFAFIAUwBJAE8ATgBfAEkATgBGAE8AAAAAAL0E7/4AAAEABgAEAAMAgmQAAAAAAAAAAD8AAAAAAAAABAAAAAIAAAAAAAAAAAAAAAAAAABEAAAAAQBWAGEAcgBGAGkAbABlAEkAbgBmAG8AAAAAACQABAAAAFQAcgBhAG4AcwBsAGEAdABpAG8AbgAAAAAAAACwBJwDAAABAFMAdAByAGkAbgBnAEYAaQBsAGUASQBuAGYAbwAAAHgDAAABADAAMAAwADAAMAA0AGIAMAAAAEIAFQABAEMAbwBtAG0AZQBuAHQAcwAAAFMAeQBzAHQAZQBtAC4ASQBPAC4ARgBpAGwAZQBTAHkAcwB0AGUAbQAAAAAATAAWAAEAQwBvAG0AcABhAG4AeQBOAGEAbQBlAAAAAABNAGkAYwByAG8AcwBvAGYAdAAgAEMAbwByAHAAbwByAGEAdABpAG8AbgAAAFIAFQABAEYAaQBsAGUARABlAHMAYwByAGkAcAB0AGkAbwBuAAAAAABTAHkAcwB0AGUAbQAuAEkATwAuAEYAaQBsAGUAUwB5AHMAdABlAG0AAAAAADoADQABAEYAaQBsAGUAVgBlAHIAcwBpAG8AbgAAAAAANAAuADYALgAyADUANwAzADAALgAwADMAAAAAAFIAGQABAEkAbgB0AGUAcgBuAGEAbABOAGEAbQBlAAAAUwB5AHMAdABlAG0ALgBJAE8ALgBGAGkAbABlAFMAeQBzAHQAZQBtAC4AZABsAGwAAAAAAIIALwABAEwAZQBnAGEAbABDAG8AcAB5AHIAaQBnAGgAdAAAAKkAIABNAGkAYwByAG8AcwBvAGYAdAAgAEMAbwByAHAAbwByAGEAdABpAG8AbgAuACAAIABBAGwAbAAgAHIAaQBnAGgAdABzACAAcgBlAHMAZQByAHYAZQBkAC4AAAAAAFoAGQABAE8AcgBpAGcAaQBuAGEAbABGAGkAbABlAG4AYQBtAGUAAABTAHkAcwB0AGUAbQAuAEkATwAuAEYAaQBsAGUAUwB5AHMAdABlAG0ALgBkAGwAbAAAAAAAVAAaAAEAUAByAG8AZAB1AGMAdABOAGEAbQBlAAAAAABNAGkAYwByAG8AcwBvAGYAdACuACAALgBOAEUAVAAgAEYAcgBhAG0AZQB3AG8AcgBrAAAAfgAtAAEAUAByAG8AZAB1AGMAdABWAGUAcgBzAGkAbwBuAAAANAAuADYALgAyADUANwAzADAALgAwADMAIABiAHUAaQBsAHQAIABiAHkAOgAgAGQAbABhAGIALQBEAEQAVgBTAE8AVwBJAE4AQQBHAEUAMAA0ADQALgAgAAAAAAA4AAgAAQBBAHMAcwBlAG0AYgBsAHkAIABWAGUAcgBzAGkAbwBuAAAANAAuADEALgAxAC4AMAAAAA==","PDBNotPresent","","v4.0.30319"
"System.Security.Cryptography.Cng, Version=4.3.1.0, Culture=neutral, PublicKeyToken=b03f5f7f11d50a3a","","1506805503","nAQ0AAAAVgBTAF8AVgBFAFIAUwBJAE8ATgBfAEkATgBGAE8AAAAAAL0E7/4AAAEABgAEAAMAgmQAAAAAAAAAAD8AAAAAAAAABAAAAAIAAAAAAAAAAAAAAAAAAABEAAAAAQBWAGEAcgBGAGkAbABlAEkAbgBmAG8AAAAAACQABAAAAFQAcgBhAG4AcwBsAGEAdABpAG8AbgAAAAAAAACwBPwDAAABAFMAdAByAGkAbgBnAEYAaQBsAGUASQBuAGYAbwAAANgDAAABADAAMAAwADAAMAA0AGIAMAAAAFoAIQABAEMAbwBtAG0AZQBuAHQAcwAAAFMAeQBzAHQAZQBtAC4AUwBlAGMAdQByAGkAdAB5AC4AQwByAHkAcAB0AG8AZwByAGEAcABoAHkALgBDAG4AZwAAAAAATAAWAAEAQwBvAG0AcABhAG4AeQBOAGEAbQBlAAAAAABNAGkAYwByAG8AcwBvAGYAdAAgAEMAbwByAHAAbwByAGEAdABpAG8AbgAAAGoAIQABAEYAaQBsAGUARABlAHMAYwByAGkAcAB0AGkAbwBuAAAAAABTAHkAcwB0AGUAbQAuAFMAZQBjAHUAcgBpAHQAeQAuAEMAcgB5AHAAdABvAGcAcgBhAHAAaAB5AC4AQwBuAGcAAAAAADoADQABAEYAaQBsAGUAVgBlAHIAcwBpAG8AbgAAAAAANAAuADYALgAyADUANwAzADAALgAwADMAAAAAAGoAJQABAEkAbgB0AGUAcgBuAGEAbABOAGEAbQBlAAAAUwB5AHMAdABlAG0ALgBTAGUAYwB1AHIAaQB0AHkALgBDAHIAeQBwAHQAbwBnAHIAYQBwAGgAeQAuAEMAbgBnAC4AZABsAGwAAAAAAIIALwABAEwAZQBnAGEAbABDAG8AcAB5AHIAaQBnAGgAdAAAAKkAIABNAGkAYwByAG8AcwBvAGYAdAAgAEMAbwByAHAAbwByAGEAdABpAG8AbgAuACAAIABBAGwAbAAgAHIAaQBnAGgAdABzACAAcgBlAHMAZQByAHYAZQBkAC4AAAAAAHIAJQABAE8AcgBpAGcAaQBuAGEAbABGAGkAbABlAG4AYQBtAGUAAABTAHkAcwB0AGUAbQAuAFMAZQBjAHUAcgBpAHQAeQAuAEMAcgB5AHAAdABvAGcAcgBhAHAAaAB5AC4AQwBuAGcALgBkAGwAbAAAAAAAVAAaAAEAUAByAG8AZAB1AGMAdABOAGEAbQBlAAAAAABNAGkAYwByAG8AcwBvAGYAdACuACAALgBOAEUAVAAgAEYAcgBhAG0AZQB3AG8AcgBrAAAAfgAtAAEAUAByAG8AZAB1AGMAdABWAGUAcgBzAGkAbwBuAAAANAAuADYALgAyADUANwAzADAALgAwADMAIABiAHUAaQBsAHQAIABiAHkAOgAgAGQAbABhAGIALQBEAEQAVgBTAE8AVwBJAE4AQQBHAEUAMAA0ADQALgAgAAAAAAA4AAgAAQBBAHMAcwBlAG0AYgBsAHkAIABWAGUAcgBzAGkAbwBuAAAANAAuADMALgAxAC4AMAAAAA==","PDBNotPresent","","v4.0.30319"
"System.Security.Cryptography.Primitives, Version=4.1.1.0, Culture=neutral, PublicKeyToken=b03f5f7f11d50a3a","","1506805505","zAQ0AAAAVgBTAF8AVgBFAFIAUwBJAE8ATgBfAEkATgBGAE8AAAAAAL0E7/4AAAEABgAEAAMAgmQAAAAAAAAAAD8AAAAAAAAABAAAAAIAAAAAAAAAAAAAAAAAAABEAAAAAQBWAGEAcgBGAGkAbABlAEkAbgBmAG8AAAAAACQABAAAAFQAcgBhAG4AcwBsAGEAdABpAG8AbgAAAAAAAACwBCwEAAABAFMAdAByAGkAbgBnAEYAaQBsAGUASQBuAGYAbwAAAAgEAAABADAAMAAwADAAMAA0AGIAMAAAAGgAKAABAEMAbwBtAG0AZQBuAHQAcwAAAFMAeQBzAHQAZQBtAC4AUwBlAGMAdQByAGkAdAB5AC4AQwByAHkAcAB0AG8AZwByAGEAcABoAHkALgBQAHIAaQBtAGkAdABpAHYAZQBzAAAATAAWAAEAQwBvAG0AcABhAG4AeQBOAGEAbQBlAAAAAABNAGkAYwByAG8AcwBvAGYAdAAgAEMAbwByAHAAbwByAGEAdABpAG8AbgAAAHgAKAABAEYAaQBsAGUARABlAHMAYwByAGkAcAB0AGkAbwBuAAAAAABTAHkAcwB0AGUAbQAuAFMAZQBjAHUAcgBpAHQAeQAuAEMAcgB5AHAAdABvAGcAcgBhAHAAaAB5AC4AUAByAGkAbQBpAHQAaQB2AGUAcwAAADoADQABAEYAaQBsAGUAVgBlAHIAcwBpAG8AbgAAAAAANAAuADYALgAyADUANwAzADAALgAwADMAAAAAAHgALAABAEkAbgB0AGUAcgBuAGEAbABOAGEAbQBlAAAAUwB5AHMAdABlAG0ALgBTAGUAYwB1AHIAaQB0AHkALgBDAHIAeQBwAHQAbwBnAHIAYQBwAGgAeQAuAFAAcgBpAG0AaQB0AGkAdgBlAHMALgBkAGwAbAAAAIIALwABAEwAZQBnAGEAbABDAG8AcAB5AHIAaQBnAGgAdAAAAKkAIABNAGkAYwByAG8AcwBvAGYAdAAgAEMAbwByAHAAbwByAGEAdABpAG8AbgAuACAAIABBAGwAbAAgAHIAaQBnAGgAdABzACAAcgBlAHMAZQByAHYAZQBkAC4AAAAAAIAALAABAE8AcgBpAGcAaQBuAGEAbABGAGkAbABlAG4AYQBtAGUAAABTAHkAcwB0AGUAbQAuAFMAZQBjAHUAcgBpAHQAeQAuAEMAcgB5AHAAdABvAGcAcgBhAHAAaAB5AC4AUAByAGkAbQBpAHQAaQB2AGUAcwAuAGQAbABsAAAAVAAaAAEAUAByAG8AZAB1AGMAdABOAGEAbQBlAAAAAABNAGkAYwByAG8AcwBvAGYAdACuACAALgBOAEUAVAAgAEYAcgBhAG0AZQB3AG8AcgBrAAAAfgAtAAEAUAByAG8AZAB1AGMAdABWAGUAcgBzAGkAbwBuAAAANAAuADYALgAyADUANwAzADAALgAwADMAIABiAHUAaQBsAHQAIABiAHkAOgAgAGQAbABhAGIALQBEAEQAVgBTAE8AVwBJAE4AQQBHAEUAMAA0ADQALgAgAAAAAAA4AAgAAQBBAHMAcwBlAG0AYgBsAHkAIABWAGUAcgBzAGkAbwBuAAAANAAuADEALgAxAC4AMAAAAA==","PDBNotPresent","","v4.0.30319"
"System.Security.Cryptography.Algorithms, Version=4.3.1.0, Culture=neutral, PublicKeyToken=b03f5f7f11d50a3a","","1506805503","zAQ0AAAAVgBTAF8AVgBFAFIAUwBJAE8ATgBfAEkATgBGAE8AAAAAAL0E7/4AAAEABgAEAAMAgmQAAAAAAAAAAD8AAAAAAAAABAAAAAIAAAAAAAAAAAAAAAAAAABEAAAAAQBWAGEAcgBGAGkAbABlAEkAbgBmAG8AAAAAACQABAAAAFQAcgBhAG4AcwBsAGEAdABpAG8AbgAAAAAAAACwBCwEAAABAFMAdAByAGkAbgBnAEYAaQBsAGUASQBuAGYAbwAAAAgEAAABADAAMAAwADAAMAA0AGIAMAAAAGgAKAABAEMAbwBtAG0AZQBuAHQAcwAAAFMAeQBzAHQAZQBtAC4AUwBlAGMAdQByAGkAdAB5AC4AQwByAHkAcAB0AG8AZwByAGEAcABoAHkALgBBAGwAZwBvAHIAaQB0AGgAbQBzAAAATAAWAAEAQwBvAG0AcABhAG4AeQBOAGEAbQBlAAAAAABNAGkAYwByAG8AcwBvAGYAdAAgAEMAbwByAHAAbwByAGEAdABpAG8AbgAAAHgAKAABAEYAaQBsAGUARABlAHMAYwByAGkAcAB0AGkAbwBuAAAAAABTAHkAcwB0AGUAbQAuAFMAZQBjAHUAcgBpAHQAeQAuAEMAcgB5AHAAdABvAGcAcgBhAHAAaAB5AC4AQQBsAGcAbwByAGkAdABoAG0AcwAAADoADQABAEYAaQBsAGUAVgBlAHIAcwBpAG8AbgAAAAAANAAuADYALgAyADUANwAzADAALgAwADMAAAAAAHgALAABAEkAbgB0AGUAcgBuAGEAbABOAGEAbQBlAAAAUwB5AHMAdABlAG0ALgBTAGUAYwB1AHIAaQB0AHkALgBDAHIAeQBwAHQAbwBnAHIAYQBwAGgAeQAuAEEAbABnAG8AcgBpAHQAaABtAHMALgBkAGwAbAAAAIIALwABAEwAZQBnAGEAbABDAG8AcAB5AHIAaQBnAGgAdAAAAKkAIABNAGkAYwByAG8AcwBvAGYAdAAgAEMAbwByAHAAbwByAGEAdABpAG8AbgAuACAAIABBAGwAbAAgAHIAaQBnAGgAdABzACAAcgBlAHMAZQByAHYAZQBkAC4AAAAAAIAALAABAE8AcgBpAGcAaQBuAGEAbABGAGkAbABlAG4AYQBtAGUAAABTAHkAcwB0AGUAbQAuAFMAZQBjAHUAcgBpAHQAeQAuAEMAcgB5AHAAdABvAGcAcgBhAHAAaAB5AC4AQQBsAGcAbwByAGkAdABoAG0AcwAuAGQAbABsAAAAVAAaAAEAUAByAG8AZAB1AGMAdABOAGEAbQBlAAAAAABNAGkAYwByAG8AcwBvAGYAdACuACAALgBOAEUAVAAgAEYAcgBhAG0AZQB3AG8AcgBrAAAAfgAtAAEAUAByAG8AZAB1AGMAdABWAGUAcgBzAGkAbwBuAAAANAAuADYALgAyADUANwAzADAALgAwADMAIABiAHUAaQBsAHQAIABiAHkAOgAgAGQAbABhAGIALQBEAEQAVgBTAE8AVwBJAE4AQQBHAEUAMAA0ADQALgAgAAAAAAA4AAgAAQBBAHMAcwBlAG0AYgBsAHkAIABWAGUAcgBzAGkAbwBuAAAANAAuADMALgAxAC4AMAAAAA==","PDBNotPresent","","v4.0.30319"
"System.Security.Cryptography.Csp, Version=4.1.1.0, Culture=neutral, PublicKeyToken=b03f5f7f11d50a3a","","1506805503","nAQ0AAAAVgBTAF8AVgBFAFIAUwBJAE8ATgBfAEkATgBGAE8AAAAAAL0E7/4AAAEABgAEAAMAgmQAAAAAAAAAAD8AAAAAAAAABAAAAAIAAAAAAAAAAAAAAAAAAABEAAAAAQBWAGEAcgBGAGkAbABlAEkAbgBmAG8AAAAAACQABAAAAFQAcgBhAG4AcwBsAGEAdABpAG8AbgAAAAAAAACwBPwDAAABAFMAdAByAGkAbgBnAEYAaQBsAGUASQBuAGYAbwAAANgDAAABADAAMAAwADAAMAA0AGIAMAAAAFoAIQABAEMAbwBtAG0AZQBuAHQAcwAAAFMAeQBzAHQAZQBtAC4AUwBlAGMAdQByAGkAdAB5AC4AQwByAHkAcAB0AG8AZwByAGEAcABoAHkALgBDAHMAcAAAAAAATAAWAAEAQwBvAG0AcABhAG4AeQBOAGEAbQBlAAAAAABNAGkAYwByAG8AcwBvAGYAdAAgAEMAbwByAHAAbwByAGEAdABpAG8AbgAAAGoAIQABAEYAaQBsAGUARABlAHMAYwByAGkAcAB0AGkAbwBuAAAAAABTAHkAcwB0AGUAbQAuAFMAZQBjAHUAcgBpAHQAeQAuAEMAcgB5AHAAdABvAGcAcgBhAHAAaAB5AC4AQwBzAHAAAAAAADoADQABAEYAaQBsAGUAVgBlAHIAcwBpAG8AbgAAAAAANAAuADYALgAyADUANwAzADAALgAwADMAAAAAAGoAJQABAEkAbgB0AGUAcgBuAGEAbABOAGEAbQBlAAAAUwB5AHMAdABlAG0ALgBTAGUAYwB1AHIAaQB0AHkALgBDAHIAeQBwAHQAbwBnAHIAYQBwAGgAeQAuAEMAcwBwAC4AZABsAGwAAAAAAIIALwABAEwAZQBnAGEAbABDAG8AcAB5AHIAaQBnAGgAdAAAAKkAIABNAGkAYwByAG8AcwBvAGYAdAAgAEMAbwByAHAAbwByAGEAdABpAG8AbgAuACAAIABBAGwAbAAgAHIAaQBnAGgAdABzACAAcgBlAHMAZQByAHYAZQBkAC4AAAAAAHIAJQABAE8AcgBpAGcAaQBuAGEAbABGAGkAbABlAG4AYQBtAGUAAABTAHkAcwB0AGUAbQAuAFMAZQBjAHUAcgBpAHQAeQAuAEMAcgB5AHAAdABvAGcAcgBhAHAAaAB5AC4AQwBzAHAALgBkAGwAbAAAAAAAVAAaAAEAUAByAG8AZAB1AGMAdABOAGEAbQBlAAAAAABNAGkAYwByAG8AcwBvAGYAdACuACAALgBOAEUAVAAgAEYAcgBhAG0AZQB3AG8AcgBrAAAAfgAtAAEAUAByAG8AZAB1AGMAdABWAGUAcgBzAGkAbwBuAAAANAAuADYALgAyADUANwAzADAALgAwADMAIABiAHUAaQBsAHQAIABiAHkAOgAgAGQAbABhAGIALQBEAEQAVgBTAE8AVwBJAE4AQQBHAEUAMAA0ADQALgAgAAAAAAA4AAgAAQBBAHMAcwBlAG0AYgBsAHkAIABWAGUAcgBzAGkAbwBuAAAANAAuADEALgAxAC4AMAAAAA==","PDBNotPresent","","v4.0.30319"
"System.Security.Claims, Version=4.1.1.0, Culture=neutral, PublicKeyToken=b03f5f7f11d50a3a","","1506805503","TAQ0AAAAVgBTAF8AVgBFAFIAUwBJAE8ATgBfAEkATgBGAE8AAAAAAL0E7/4AAAEABgAEAAMAgmQAAAAAAAAAAD8AAAAAAAAABAAAAAIAAAAAAAAAAAAAAAAAAABEAAAAAQBWAGEAcgBGAGkAbABlAEkAbgBmAG8AAAAAACQABAAAAFQAcgBhAG4AcwBsAGEAdABpAG8AbgAAAAAAAACwBKwDAAABAFMAdAByAGkAbgBnAEYAaQBsAGUASQBuAGYAbwAAAIgDAAABADAAMAAwADAAMAA0AGIAMAAAAEYAFwABAEMAbwBtAG0AZQBuAHQAcwAAAFMAeQBzAHQAZQBtAC4AUwBlAGMAdQByAGkAdAB5AC4AQwBsAGEAaQBtAHMAAAAAAEwAFgABAEMAbwBtAHAAYQBuAHkATgBhAG0AZQAAAAAATQBpAGMAcgBvAHMAbwBmAHQAIABDAG8AcgBwAG8AcgBhAHQAaQBvAG4AAABWABcAAQBGAGkAbABlAEQAZQBzAGMAcgBpAHAAdABpAG8AbgAAAAAAUwB5AHMAdABlAG0ALgBTAGUAYwB1AHIAaQB0AHkALgBDAGwAYQBpAG0AcwAAAAAAOgANAAEARgBpAGwAZQBWAGUAcgBzAGkAbwBuAAAAAAA0AC4ANgAuADIANQA3ADMAMAAuADAAMwAAAAAAVgAbAAEASQBuAHQAZQByAG4AYQBsAE4AYQBtAGUAAABTAHkAcwB0AGUAbQAuAFMAZQBjAHUAcgBpAHQAeQAuAEMAbABhAGkAbQBzAC4AZABsAGwAAAAAAIIALwABAEwAZQBnAGEAbABDAG8AcAB5AHIAaQBnAGgAdAAAAKkAIABNAGkAYwByAG8AcwBvAGYAdAAgAEMAbwByAHAAbwByAGEAdABpAG8AbgAuACAAIABBAGwAbAAgAHIAaQBnAGgAdABzACAAcgBlAHMAZQByAHYAZQBkAC4AAAAAAF4AGwABAE8AcgBpAGcAaQBuAGEAbABGAGkAbABlAG4AYQBtAGUAAABTAHkAcwB0AGUAbQAuAFMAZQBjAHUAcgBpAHQAeQAuAEMAbABhAGkAbQBzAC4AZABsAGwAAAAAAFQAGgABAFAAcgBvAGQAdQBjAHQATgBhAG0AZQAAAAAATQBpAGMAcgBvAHMAbwBmAHQArgAgAC4ATgBFAFQAIABGAHIAYQBtAGUAdwBvAHIAawAAAH4ALQABAFAAcgBvAGQAdQBjAHQAVgBlAHIAcwBpAG8AbgAAADQALgA2AC4AMgA1ADcAMwAwAC4AMAAzACAAYgB1AGkAbAB0ACAAYgB5ADoAIABkAGwAYQBiAC0ARABEAFYAUwBPAFcASQBOAEEARwBFADAANAA0AC4AIAAAAAAAOAAIAAEAQQBzAHMAZQBtAGIAbAB5ACAAVgBlAHIAcwBpAG8AbgAAADQALgAxAC4AMQAuADAAAAA=","PDBNotPresent","","v4.0.30319"
"System.Threading.Overlapped, Version=4.1.1.0, Culture=neutral, PublicKeyToken=b03f5f7f11d50a3a","","1506805474","bAQ0AAAAVgBTAF8AVgBFAFIAUwBJAE8ATgBfAEkATgBGAE8AAAAAAL0E7/4AAAEABgAEAAMAgmQAAAAAAAAAAD8AAAAAAAAABAAAAAIAAAAAAAAAAAAAAAAAAABEAAAAAQBWAGEAcgBGAGkAbABlAEkAbgBmAG8AAAAAACQABAAAAFQAcgBhAG4AcwBsAGEAdABpAG8AbgAAAAAAAACwBMwDAAABAFMAdAByAGkAbgBnAEYAaQBsAGUASQBuAGYAbwAAAKgDAAABADAAMAAwADAAMAA0AGIAMAAAAFAAHAABAEMAbwBtAG0AZQBuAHQAcwAAAFMAeQBzAHQAZQBtAC4AVABoAHIAZQBhAGQAaQBuAGcALgBPAHYAZQByAGwAYQBwAHAAZQBkAAAATAAWAAEAQwBvAG0AcABhAG4AeQBOAGEAbQBlAAAAAABNAGkAYwByAG8AcwBvAGYAdAAgAEMAbwByAHAAbwByAGEAdABpAG8AbgAAAGAAHAABAEYAaQBsAGUARABlAHMAYwByAGkAcAB0AGkAbwBuAAAAAABTAHkAcwB0AGUAbQAuAFQAaAByAGUAYQBkAGkAbgBnAC4ATwB2AGUAcgBsAGEAcABwAGUAZAAAADoADQABAEYAaQBsAGUAVgBlAHIAcwBpAG8AbgAAAAAANAAuADYALgAyADUANwAzADAALgAwADMAAAAAAGAAIAABAEkAbgB0AGUAcgBuAGEAbABOAGEAbQBlAAAAUwB5AHMAdABlAG0ALgBUAGgAcgBlAGEAZABpAG4AZwAuAE8AdgBlAHIAbABhAHAAcABlAGQALgBkAGwAbAAAAIIALwABAEwAZQBnAGEAbABDAG8AcAB5AHIAaQBnAGgAdAAAAKkAIABNAGkAYwByAG8AcwBvAGYAdAAgAEMAbwByAHAAbwByAGEAdABpAG8AbgAuACAAIABBAGwAbAAgAHIAaQBnAGgAdABzACAAcgBlAHMAZQByAHYAZQBkAC4AAAAAAGgAIAABAE8AcgBpAGcAaQBuAGEAbABGAGkAbABlAG4AYQBtAGUAAABTAHkAcwB0AGUAbQAuAFQAaAByAGUAYQBkAGkAbgBnAC4ATwB2AGUAcgBsAGEAcABwAGUAZAAuAGQAbABsAAAAVAAaAAEAUAByAG8AZAB1AGMAdABOAGEAbQBlAAAAAABNAGkAYwByAG8AcwBvAGYAdACuACAALgBOAEUAVAAgAEYAcgBhAG0AZQB3AG8AcgBrAAAAfgAtAAEAUAByAG8AZAB1AGMAdABWAGUAcgBzAGkAbwBuAAAANAAuADYALgAyADUANwAzADAALgAwADMAIABiAHUAaQBsAHQAIABiAHkAOgAgAGQAbABhAGIALQBEAEQAVgBTAE8AVwBJAE4AQQBHAEUAMAA0ADQALgAgAAAAAAA4AAgAAQBBAHMAcwBlAG0AYgBsAHkAIABWAGUAcgBzAGkAbwBuAAAANAAuADEALgAxAC4AMAAAAA==","PDBNotPresent","","v4.0.30319"
"System.Net.NameResolution, Version=4.1.1.0, Culture=neutral, PublicKeyToken=b03f5f7f11d50a3a","","1506805496","XAQ0AAAAVgBTAF8AVgBFAFIAUwBJAE8ATgBfAEkATgBGAE8AAAAAAL0E7/4AAAEABgAEAAMAgmQAAAAAAAAAAD8AAAAAAAAABAAAAAIAAAAAAAAAAAAAAAAAAABEAAAAAQBWAGEAcgBGAGkAbABlAEkAbgBmAG8AAAAAACQABAAAAFQAcgBhAG4AcwBsAGEAdABpAG8AbgAAAAAAAACwBLwDAAABAFMAdAByAGkAbgBnAEYAaQBsAGUASQBuAGYAbwAAAJgDAAABADAAMAAwADAAMAA0AGIAMAAAAEwAGgABAEMAbwBtAG0AZQBuAHQAcwAAAFMAeQBzAHQAZQBtAC4ATgBlAHQALgBOAGEAbQBlAFIAZQBzAG8AbAB1AHQAaQBvAG4AAABMABYAAQBDAG8AbQBwAGEAbgB5AE4AYQBtAGUAAAAAAE0AaQBjAHIAbwBzAG8AZgB0ACAAQwBvAHIAcABvAHIAYQB0AGkAbwBuAAAAXAAaAAEARgBpAGwAZQBEAGUAcwBjAHIAaQBwAHQAaQBvAG4AAAAAAFMAeQBzAHQAZQBtAC4ATgBlAHQALgBOAGEAbQBlAFIAZQBzAG8AbAB1AHQAaQBvAG4AAAA6AA0AAQBGAGkAbABlAFYAZQByAHMAaQBvAG4AAAAAADQALgA2AC4AMgA1ADcAMwAwAC4AMAAzAAAAAABcAB4AAQBJAG4AdABlAHIAbgBhAGwATgBhAG0AZQAAAFMAeQBzAHQAZQBtAC4ATgBlAHQALgBOAGEAbQBlAFIAZQBzAG8AbAB1AHQAaQBvAG4ALgBkAGwAbAAAAIIALwABAEwAZQBnAGEAbABDAG8AcAB5AHIAaQBnAGgAdAAAAKkAIABNAGkAYwByAG8AcwBvAGYAdAAgAEMAbwByAHAAbwByAGEAdABpAG8AbgAuACAAIABBAGwAbAAgAHIAaQBnAGgAdABzACAAcgBlAHMAZQByAHYAZQBkAC4AAAAAAGQAHgABAE8AcgBpAGcAaQBuAGEAbABGAGkAbABlAG4AYQBtAGUAAABTAHkAcwB0AGUAbQAuAE4AZQB0AC4ATgBhAG0AZQBSAGUAcwBvAGwAdQB0AGkAbwBuAC4AZABsAGwAAABUABoAAQBQAHIAbwBkAHUAYwB0AE4AYQBtAGUAAAAAAE0AaQBjAHIAbwBzAG8AZgB0AK4AIAAuAE4ARQBUACAARgByAGEAbQBlAHcAbwByAGsAAAB+AC0AAQBQAHIAbwBkAHUAYwB0AFYAZQByAHMAaQBvAG4AAAA0AC4ANgAuADIANQA3ADMAMAAuADAAMwAgAGIAdQBpAGwAdAAgAGIAeQA6ACAAZABsAGEAYgAtAEQARABWAFMATwBXAEkATgBBAEcARQAwADQANAAuACAAAAAAADgACAABAEEAcwBzAGUAbQBiAGwAeQAgAFYAZQByAHMAaQBvAG4AAAA0AC4AMQAuADEALgAwAAAA","PDBNotPresent","","v4.0.30319"
"WebCamApp.McgInterop, Version=0.0.0.0, Culture=neutral, PublicKeyToken=null","","1527493491","fAI0AAAAVgBTAF8AVgBFAFIAUwBJAE8ATgBfAEkATgBGAE8AAAAAAL0E7/4AAAEAAAAAAAAAAAAAAAAAAAAAAD8AAAAAAAAABAAAAAIAAAAAAAAAAAAAAAAAAABEAAAAAQBWAGEAcgBGAGkAbABlAEkAbgBmAG8AAAAAACQABAAAAFQAcgBhAG4AcwBsAGEAdABpAG8AbgAAAAAAAACwBNwBAAABAFMAdAByAGkAbgBnAEYAaQBsAGUASQBuAGYAbwAAALgBAAABADAAMAAwADAAMAA0AGIAMAAAACwAAgABAEYAaQBsAGUARABlAHMAYwByAGkAcAB0AGkAbwBuAAAAAAAgAAAAMAAIAAEARgBpAGwAZQBWAGUAcgBzAGkAbwBuAAAAAAAwAC4AMAAuADAALgAwAAAAUgAZAAEASQBuAHQAZQByAG4AYQBsAE4AYQBtAGUAAABXAGUAYgBDAGEAbQBBAHAAcAAuAE0AYwBnAEkAbgB0AGUAcgBvAHAALgBkAGwAbAAAAAAAKAACAAEATABlAGcAYQBsAEMAbwBwAHkAcgBpAGcAaAB0AAAAIAAAAFoAGQABAE8AcgBpAGcAaQBuAGEAbABGAGkAbABlAG4AYQBtAGUAAABXAGUAYgBDAGEAbQBBAHAAcAAuAE0AYwBnAEkAbgB0AGUAcgBvAHAALgBkAGwAbAAAAAAANAAIAAEAUAByAG8AZAB1AGMAdABWAGUAcgBzAGkAbwBuAAAAMAAuADAALgAwAC4AMAAAADgACAABAEEAcwBzAGUAbQBiAGwAeQAgAFYAZQByAHMAaQBvAG4AAAAwAC4AMAAuADAALgAwAAAA","PDBPresent","","v4.0.30319"
